Size,Ntrial,TestAcc,TrainAcc,ConfMatrix,Config
0.3,0,0.7297297297297297,0.6808510638297872,[[46  8] [22 35]],1e-09
0.3,0,0.6936936936936937,0.6595744680851063,[[46  8] [26 31]],1e-08
0.3,0,0.7027027027027027,0.6808510638297872,[[48  6] [27 30]],1e-07
0.3,0,0.7117117117117117,0.7021276595744681,[[50  4] [28 29]],1e-06
0.3,0,0.7207207207207207,0.723404255319149,[[49  5] [26 31]],1e-05
0.3,0,0.7117117117117117,0.723404255319149,[[49  5] [27 30]],0.0001
0.3,1,0.6846846846846847,0.6382978723404256,[[44  9] [26 32]],1e-09
0.3,1,0.6936936936936937,0.6595744680851063,[[46  7] [27 31]],1e-08
0.3,1,0.6936936936936937,0.6382978723404256,[[46  7] [27 31]],1e-07
0.3,1,0.6576576576576577,0.6170212765957447,[[45  8] [30 28]],1e-06
0.3,1,0.6486486486486487,0.6170212765957447,[[45  8] [31 27]],1e-05
0.3,1,0.6396396396396397,0.6170212765957447,[[44  9] [31 27]],0.0001
0.3,2,0.5495495495495496,0.6382978723404256,[[ 4 48] [ 2 57]],1e-09
0.3,2,0.5405405405405406,0.6170212765957447,[[ 3 49] [ 2 57]],1e-08
0.3,2,0.5495495495495496,0.6170212765957447,[[ 2 50] [ 0 59]],1e-07
0.3,2,0.5675675675675675,0.6170212765957447,[[ 5 47] [ 1 58]],1e-06
0.3,2,0.6036036036036037,0.7021276595744681,[[13 39] [ 5 54]],1e-05
0.3,2,0.6756756756756757,0.723404255319149,[[33 19] [17 42]],0.0001
0.3,3,0.6306306306306306,0.7446808510638298,[[38 13] [28 32]],1e-09
0.3,3,0.6306306306306306,0.7446808510638298,[[38 13] [28 32]],1e-08
0.3,3,0.6306306306306306,0.7659574468085106,[[38 13] [28 32]],1e-07
0.3,3,0.6126126126126126,0.7659574468085106,[[38 13] [30 30]],1e-06
0.3,3,0.6216216216216216,0.7659574468085106,[[38 13] [29 31]],1e-05
0.3,3,0.6306306306306306,0.7659574468085106,[[38 13] [28 32]],0.0001
0.3,4,0.5135135135135135,0.6382978723404256,[[ 3 51] [ 3 54]],1e-09
0.3,4,0.5135135135135135,0.6382978723404256,[[ 2 52] [ 2 55]],1e-08
0.3,4,0.5135135135135135,0.6170212765957447,[[ 0 54] [ 0 57]],1e-07
0.3,4,0.5585585585585585,0.7021276595744681,[[ 6 48] [ 1 56]],1e-06
0.3,4,0.6216216216216216,0.723404255319149,[[24 30] [12 45]],1e-05
0.3,4,0.6846846846846847,0.6595744680851063,[[42 12] [23 34]],0.0001
0.3,5,0.6396396396396397,0.7021276595744681,[[45  7] [33 26]],1e-09
0.3,5,0.6936936936936937,0.7872340425531915,[[44  8] [26 33]],1e-08
0.3,5,0.7117117117117117,0.7659574468085106,[[45  7] [25 34]],1e-07
0.3,5,0.6756756756756757,0.7872340425531915,[[40 12] [24 35]],1e-06
0.3,5,0.6756756756756757,0.8297872340425532,[[38 14] [22 37]],1e-05
0.3,5,0.6756756756756757,0.8297872340425532,[[38 14] [22 37]],0.0001
0.3,6,0.6846846846846847,0.7021276595744681,[[50  5] [30 26]],1e-09
0.3,6,0.7027027027027027,0.7021276595744681,[[51  4] [29 27]],1e-08
0.3,6,0.6936936936936937,0.7021276595744681,[[51  4] [30 26]],1e-07
0.3,6,0.7117117117117117,0.6595744680851063,[[52  3] [29 27]],1e-06
0.3,6,0.6936936936936937,0.6170212765957447,[[48  7] [27 29]],1e-05
0.3,6,0.7027027027027027,0.6382978723404256,[[48  7] [26 30]],0.0001
0.3,7,0.6846846846846847,0.723404255319149,[[41 10] [25 35]],1e-09
0.3,7,0.6936936936936937,0.723404255319149,[[42  9] [25 35]],1e-08
0.3,7,0.7117117117117117,0.7659574468085106,[[44  7] [25 35]],1e-07
0.3,7,0.7387387387387387,0.7659574468085106,[[44  7] [22 38]],1e-06
0.3,7,0.7387387387387387,0.7021276595744681,[[42  9] [20 40]],1e-05
0.3,7,0.7387387387387387,0.7021276595744681,[[41 10] [19 41]],0.0001
0.3,8,0.5855855855855856,0.6170212765957447,[[10 43] [ 3 55]],1e-09
0.3,8,0.5495495495495496,0.6170212765957447,[[ 7 46] [ 4 54]],1e-08
0.3,8,0.5585585585585585,0.6170212765957447,[[ 7 46] [ 3 55]],1e-07
0.3,8,0.5675675675675675,0.6170212765957447,[[ 9 44] [ 4 54]],1e-06
0.3,8,0.7297297297297297,0.5957446808510638,[[30 23] [ 7 51]],1e-05
0.3,8,0.7297297297297297,0.5957446808510638,[[40 13] [17 41]],0.0001
0.3,9,0.5945945945945946,0.8085106382978723,[[33 19] [26 33]],1e-09
0.3,9,0.6126126126126126,0.7659574468085106,[[36 16] [27 32]],1e-08
0.3,9,0.6126126126126126,0.8297872340425532,[[36 16] [27 32]],1e-07
0.3,9,0.6126126126126126,0.8085106382978723,[[36 16] [27 32]],1e-06
0.3,9,0.5945945945945946,0.7659574468085106,[[34 18] [27 32]],1e-05
0.3,9,0.6036036036036037,0.7659574468085106,[[34 18] [26 33]],0.0001
0.5,0,0.6835443037974683,0.7088607594936709,[[31  6] [19 23]],1e-09
0.5,0,0.6835443037974683,0.6962025316455697,[[31  6] [19 23]],1e-08
0.5,0,0.6835443037974683,0.7215189873417721,[[33  4] [21 21]],1e-07
0.5,0,0.6708860759493671,0.7468354430379747,[[33  4] [22 20]],1e-06
0.5,0,0.6835443037974683,0.7848101265822784,[[33  4] [21 21]],1e-05
0.5,0,0.6835443037974683,0.7848101265822784,[[33  4] [21 21]],0.0001
0.5,1,0.5316455696202531,0.5949367088607594,[[ 1 35] [ 2 41]],1e-09
0.5,1,0.5316455696202531,0.569620253164557,[[ 1 35] [ 2 41]],1e-08
0.5,1,0.6455696202531646,0.759493670886076,[[16 20] [ 8 35]],1e-07
0.5,1,0.6962025316455697,0.7721518987341772,[[24 12] [12 31]],1e-06
0.5,1,0.6708860759493671,0.6835443037974683,[[27  9] [17 26]],1e-05
0.5,1,0.7215189873417721,0.6962025316455697,[[33  3] [19 24]],0.0001
0.5,2,0.5316455696202531,0.5949367088607594,[[ 2 35] [ 2 40]],1e-09
0.5,2,0.5189873417721519,0.5822784810126582,[[ 1 36] [ 2 40]],1e-08
0.5,2,0.5443037974683544,0.5822784810126582,[[ 2 35] [ 1 41]],1e-07
0.5,2,0.6075949367088608,0.6582278481012658,[[10 27] [ 4 38]],1e-06
0.5,2,0.7341772151898734,0.7088607594936709,[[26 11] [10 32]],1e-05
0.5,2,0.7341772151898734,0.6329113924050633,[[30  7] [14 28]],0.0001
0.5,3,0.5569620253164557,0.5569620253164557,[[ 0 34] [ 1 44]],1e-09
0.5,3,0.5569620253164557,0.5189873417721519,[[ 0 34] [ 1 44]],1e-08
0.5,3,0.6708860759493671,0.6329113924050633,[[11 23] [ 3 42]],1e-07
0.5,3,0.759493670886076,0.7088607594936709,[[21 13] [ 6 39]],1e-06
0.5,3,0.6455696202531646,0.7215189873417721,[[23 11] [17 28]],1e-05
0.5,3,0.6075949367088608,0.6962025316455697,[[24 10] [21 24]],0.0001
0.5,4,0.4810126582278481,0.6455696202531646,[[ 3 38] [ 3 35]],1e-09
0.5,4,0.5063291139240507,0.620253164556962,[[ 4 37] [ 2 36]],1e-08
0.5,4,0.5189873417721519,0.620253164556962,[[ 3 38] [ 0 38]],1e-07
0.5,4,0.5316455696202531,0.6455696202531646,[[ 5 36] [ 1 37]],1e-06
0.5,4,0.7088607594936709,0.6708860759493671,[[21 20] [ 3 35]],1e-05
0.5,4,0.7468354430379747,0.6455696202531646,[[33  8] [12 26]],0.0001
0.5,5,0.6329113924050633,0.759493670886076,[[28  4] [25 22]],1e-09
0.5,5,0.6455696202531646,0.759493670886076,[[29  3] [25 22]],1e-08
0.5,5,0.6455696202531646,0.7848101265822784,[[29  3] [25 22]],1e-07
0.5,5,0.6582278481012658,0.7721518987341772,[[27  5] [22 25]],1e-06
0.5,5,0.6582278481012658,0.759493670886076,[[27  5] [22 25]],1e-05
0.5,5,0.6582278481012658,0.759493670886076,[[27  5] [22 25]],0.0001
0.5,6,0.569620253164557,0.569620253164557,[[ 5 33] [ 1 40]],1e-09
0.5,6,0.569620253164557,0.569620253164557,[[ 5 33] [ 1 40]],1e-08
0.5,6,0.5569620253164557,0.5822784810126582,[[ 6 32] [ 3 38]],1e-07
0.5,6,0.6455696202531646,0.7088607594936709,[[19 19] [ 9 32]],1e-06
0.5,6,0.7341772151898734,0.7215189873417721,[[31  7] [14 27]],1e-05
0.5,6,0.7341772151898734,0.6962025316455697,[[33  5] [16 25]],0.0001
0.5,7,0.6962025316455697,0.6582278481012658,[[30  7] [17 25]],1e-09
0.5,7,0.7215189873417721,0.6835443037974683,[[32  5] [17 25]],1e-08
0.5,7,0.7215189873417721,0.6835443037974683,[[32  5] [17 25]],1e-07
0.5,7,0.7341772151898734,0.6962025316455697,[[32  5] [16 26]],1e-06
0.5,7,0.7341772151898734,0.7088607594936709,[[32  5] [16 26]],1e-05
0.5,7,0.7215189873417721,0.7088607594936709,[[32  5] [17 25]],0.0001
0.5,8,0.5063291139240507,0.5949367088607594,[[ 1 38] [ 1 39]],1e-09
0.5,8,0.5063291139240507,0.5822784810126582,[[ 1 38] [ 1 39]],1e-08
0.5,8,0.6708860759493671,0.6075949367088608,[[14 25] [ 1 39]],1e-07
0.5,8,0.759493670886076,0.6835443037974683,[[25 14] [ 5 35]],1e-06
0.5,8,0.7088607594936709,0.6708860759493671,[[30  9] [14 26]],1e-05
0.5,8,0.6835443037974683,0.6835443037974683,[[31  8] [17 23]],0.0001
0.5,9,0.5822784810126582,0.7088607594936709,[[27 12] [21 19]],1e-09
0.5,9,0.5822784810126582,0.7215189873417721,[[28 11] [22 18]],1e-08
0.5,9,0.569620253164557,0.7215189873417721,[[28 11] [23 17]],1e-07
0.5,9,0.569620253164557,0.7215189873417721,[[28 11] [23 17]],1e-06
0.5,9,0.5822784810126582,0.7341772151898734,[[30  9] [24 16]],1e-05
0.5,9,0.569620253164557,0.7341772151898734,[[29 10] [24 16]],0.0001
0.8,0,0.59375,0.7142857142857143,[[ 9  2] [11 10]],1e-09
0.8,0,0.59375,0.7301587301587301,[[ 9  2] [11 10]],1e-08
0.8,0,0.59375,0.7380952380952381,[[ 9  2] [11 10]],1e-07
0.8,0,0.59375,0.7380952380952381,[[ 9  2] [11 10]],1e-06
0.8,0,0.59375,0.7380952380952381,[[ 9  2] [11 10]],1e-05
0.8,0,0.59375,0.7380952380952381,[[ 9  2] [11 10]],0.0001
0.8,1,0.59375,0.5714285714285714,[[ 0 12] [ 1 19]],1e-09
0.8,1,0.59375,0.5873015873015873,[[ 1 11] [ 2 18]],1e-08
0.8,1,0.65625,0.7301587301587301,[[ 5  7] [ 4 16]],1e-07
0.8,1,0.59375,0.746031746031746,[[ 8  4] [ 9 11]],1e-06
0.8,1,0.59375,0.6587301587301587,[[ 8  4] [ 9 11]],1e-05
0.8,1,0.59375,0.7063492063492064,[[ 8  4] [ 9 11]],0.0001
0.8,2,0.65625,0.5476190476190477,[[ 1 11] [ 0 20]],1e-09
0.8,2,0.65625,0.5396825396825397,[[ 1 11] [ 0 20]],1e-08
0.8,2,0.65625,0.5873015873015873,[[ 3  9] [ 2 18]],1e-07
0.8,2,0.75,0.7222222222222222,[[ 7  5] [ 3 17]],1e-06
0.8,2,0.78125,0.7222222222222222,[[10  2] [ 5 15]],1e-05
0.8,2,0.71875,0.6666666666666666,[[10  2] [ 7 13]],0.0001
0.8,3,0.625,0.5476190476190477,[[ 1 11] [ 1 19]],1e-09
0.8,3,0.65625,0.5396825396825397,[[ 3  9] [ 2 18]],1e-08
0.8,3,0.71875,0.6984126984126984,[[ 7  5] [ 4 16]],1e-07
0.8,3,0.6875,0.7380952380952381,[[ 9  3] [ 7 13]],1e-06
0.8,3,0.59375,0.6904761904761905,[[ 9  3] [10 10]],1e-05
0.8,3,0.59375,0.6984126984126984,[[ 9  3] [10 10]],0.0001
0.8,4,0.40625,0.6111111111111112,[[ 1 18] [ 1 12]],1e-09
0.8,4,0.40625,0.5952380952380952,[[ 1 18] [ 1 12]],1e-08
0.8,4,0.59375,0.626984126984127,[[ 6 13] [ 0 13]],1e-07
0.8,4,0.75,0.7301587301587301,[[11  8] [ 0 13]],1e-06
0.8,4,0.8125,0.6984126984126984,[[16  3] [ 3 10]],1e-05
0.8,4,0.8125,0.6507936507936508,[[17  2] [ 4  9]],0.0001
0.8,5,0.65625,0.5634920634920635,[[ 0 11] [ 0 21]],1e-09
0.8,5,0.65625,0.5396825396825397,[[ 0 11] [ 0 21]],1e-08
0.8,5,0.65625,0.6349206349206349,[[ 2  9] [ 2 19]],1e-07
0.8,5,0.75,0.7619047619047619,[[ 7  4] [ 4 17]],1e-06
0.8,5,0.71875,0.7142857142857143,[[ 9  2] [ 7 14]],1e-05
0.8,5,0.65625,0.6904761904761905,[[10  1] [10 11]],0.0001
0.8,6,0.53125,0.5952380952380952,[[ 1 15] [ 0 16]],1e-09
0.8,6,0.5,0.5714285714285714,[[ 0 16] [ 0 16]],1e-08
0.8,6,0.75,0.6904761904761905,[[ 9  7] [ 1 15]],1e-07
0.8,6,0.8125,0.7142857142857143,[[13  3] [ 3 13]],1e-06
0.8,6,0.71875,0.6825396825396826,[[14  2] [ 7  9]],1e-05
0.8,6,0.71875,0.6746031746031746,[[14  2] [ 7  9]],0.0001
0.8,7,0.65625,0.7142857142857143,[[13  2] [ 9  8]],1e-09
0.8,7,0.65625,0.7142857142857143,[[13  2] [ 9  8]],1e-08
0.8,7,0.65625,0.7142857142857143,[[13  2] [ 9  8]],1e-07
0.8,7,0.6875,0.7222222222222222,[[14  1] [ 9  8]],1e-06
0.8,7,0.6875,0.7142857142857143,[[14  1] [ 9  8]],1e-05
0.8,7,0.65625,0.7222222222222222,[[14  1] [10  7]],0.0001
0.8,8,0.625,0.5634920634920635,[[ 1 12] [ 0 19]],1e-09
0.8,8,0.6875,0.5634920634920635,[[ 3 10] [ 0 19]],1e-08
0.8,8,0.78125,0.7142857142857143,[[ 8  5] [ 2 17]],1e-07
0.8,8,0.8125,0.7301587301587301,[[12  1] [ 5 14]],1e-06
0.8,8,0.6875,0.6746031746031746,[[12  1] [ 9 10]],1e-05
0.8,8,0.6875,0.7063492063492064,[[12  1] [ 9 10]],0.0001
0.8,9,0.5625,0.5793650793650794,[[ 1 14] [ 0 17]],1e-09
0.8,9,0.5625,0.5634920634920635,[[ 1 14] [ 0 17]],1e-08
0.8,9,0.8125,0.6666666666666666,[[ 9  6] [ 0 17]],1e-07
0.8,9,0.75,0.746031746031746,[[10  5] [ 3 14]],1e-06
0.8,9,0.71875,0.6587301587301587,[[12  3] [ 6 11]],1e-05
0.8,9,0.71875,0.6904761904761905,[[13  2] [ 7 10]],0.0001