Size,Ntrial,TestAcc,TrainAcc,ConfMatrix,Config
3,0,0.6931118625229435,0.7178614840902976,[[35.          6.33333333] [20.66666667 26.        ]],1e-09
3,0,0.7081792352036443,0.7197122557292049,[[34.66666667  6.66666667] [19.         27.66666667]],1e-08
3,0,0.7119671139915231,0.7215846723897571,[[35.          6.33333333] [19.         27.66666667]],1e-07
3,0,0.7234168496276207,0.7330133661065864,[[36.          5.33333333] [19.         27.66666667]],1e-06
3,0,0.7232872115185172,0.734875204832832,[[36.66666667  4.66666667] [19.66666667 27.        ]],1e-05
3,0,0.7120086960265185,0.7235221464035023,[[37.33333333  4.        ] [21.33333333 25.33333333]],0.0001
3,1,0.6931118625229435,0.7178614840902976,[[35.          6.33333333] [20.66666667 26.        ]],1e-09
3,1,0.7081792352036443,0.7197122557292049,[[34.66666667  6.66666667] [19.         27.66666667]],1e-08
3,1,0.7119671139915231,0.7215846723897571,[[35.          6.33333333] [19.         27.66666667]],1e-07
3,1,0.7234168496276207,0.7330133661065864,[[36.          5.33333333] [19.         27.66666667]],1e-06
3,1,0.7232872115185172,0.734875204832832,[[36.66666667  4.66666667] [19.66666667 27.        ]],1e-05
3,1,0.7120086960265185,0.7235221464035023,[[37.33333333  4.        ] [21.33333333 25.33333333]],0.0001
3,2,0.6931118625229435,0.7178614840902976,[[35.          6.33333333] [20.66666667 26.        ]],1e-09
3,2,0.7081792352036443,0.7197122557292049,[[34.66666667  6.66666667] [19.         27.66666667]],1e-08
3,2,0.7119671139915231,0.7215846723897571,[[35.          6.33333333] [19.         27.66666667]],1e-07
3,2,0.7234168496276207,0.7330133661065864,[[36.          5.33333333] [19.         27.66666667]],1e-06
3,2,0.7232872115185172,0.734875204832832,[[36.66666667  4.66666667] [19.66666667 27.        ]],1e-05
3,2,0.7120086960265185,0.7235221464035023,[[37.33333333  4.        ] [21.33333333 25.33333333]],0.0001
3,3,0.6931118625229435,0.7178614840902976,[[35.          6.33333333] [20.66666667 26.        ]],1e-09
3,3,0.7081792352036443,0.7197122557292049,[[34.66666667  6.66666667] [19.         27.66666667]],1e-08
3,3,0.7119671139915231,0.7215846723897571,[[35.          6.33333333] [19.         27.66666667]],1e-07
3,3,0.7234168496276207,0.7330133661065864,[[36.          5.33333333] [19.         27.66666667]],1e-06
3,3,0.7232872115185172,0.734875204832832,[[36.66666667  4.66666667] [19.66666667 27.        ]],1e-05
3,3,0.7120086960265185,0.7235221464035023,[[37.33333333  4.        ] [21.33333333 25.33333333]],0.0001
3,4,0.6931118625229435,0.7178614840902976,[[35.          6.33333333] [20.66666667 26.        ]],1e-09
3,4,0.7081792352036443,0.7197122557292049,[[34.66666667  6.66666667] [19.         27.66666667]],1e-08
3,4,0.7119671139915231,0.7215846723897571,[[35.          6.33333333] [19.         27.66666667]],1e-07
3,4,0.7234168496276207,0.7330133661065864,[[36.          5.33333333] [19.         27.66666667]],1e-06
3,4,0.7232872115185172,0.734875204832832,[[36.66666667  4.66666667] [19.66666667 27.        ]],1e-05
3,4,0.7120086960265185,0.7235221464035023,[[37.33333333  4.        ] [21.33333333 25.33333333]],0.0001
3,5,0.6931118625229435,0.7178614840902976,[[35.          6.33333333] [20.66666667 26.        ]],1e-09
3,5,0.7081792352036443,0.7197122557292049,[[34.66666667  6.66666667] [19.         27.66666667]],1e-08
3,5,0.7119671139915231,0.7215846723897571,[[35.          6.33333333] [19.         27.66666667]],1e-07
3,5,0.7234168496276207,0.7330133661065864,[[36.          5.33333333] [19.         27.66666667]],1e-06
3,5,0.7232872115185172,0.734875204832832,[[36.66666667  4.66666667] [19.66666667 27.        ]],1e-05
3,5,0.7120086960265185,0.7235221464035023,[[37.33333333  4.        ] [21.33333333 25.33333333]],0.0001
3,6,0.6931118625229435,0.7178614840902976,[[35.          6.33333333] [20.66666667 26.        ]],1e-09
3,6,0.7081792352036443,0.7197122557292049,[[34.66666667  6.66666667] [19.         27.66666667]],1e-08
3,6,0.7119671139915231,0.7215846723897571,[[35.          6.33333333] [19.         27.66666667]],1e-07
3,6,0.7234168496276207,0.7330133661065864,[[36.          5.33333333] [19.         27.66666667]],1e-06
3,6,0.7232872115185172,0.734875204832832,[[36.66666667  4.66666667] [19.66666667 27.        ]],1e-05
3,6,0.7120086960265185,0.7235221464035023,[[37.33333333  4.        ] [21.33333333 25.33333333]],0.0001
3,7,0.6931118625229435,0.7178614840902976,[[35.          6.33333333] [20.66666667 26.        ]],1e-09
3,7,0.7081792352036443,0.7197122557292049,[[34.66666667  6.66666667] [19.         27.66666667]],1e-08
3,7,0.7119671139915231,0.7215846723897571,[[35.          6.33333333] [19.         27.66666667]],1e-07
3,7,0.7234168496276207,0.7330133661065864,[[36.          5.33333333] [19.         27.66666667]],1e-06
3,7,0.7232872115185172,0.734875204832832,[[36.66666667  4.66666667] [19.66666667 27.        ]],1e-05
3,7,0.7120086960265185,0.7235221464035023,[[37.33333333  4.        ] [21.33333333 25.33333333]],0.0001
3,8,0.6931118625229435,0.7178614840902976,[[35.          6.33333333] [20.66666667 26.        ]],1e-09
3,8,0.7081792352036443,0.7197122557292049,[[34.66666667  6.66666667] [19.         27.66666667]],1e-08
3,8,0.7119671139915231,0.7215846723897571,[[35.          6.33333333] [19.         27.66666667]],1e-07
3,8,0.7234168496276207,0.7330133661065864,[[36.          5.33333333] [19.         27.66666667]],1e-06
3,8,0.7232872115185172,0.734875204832832,[[36.66666667  4.66666667] [19.66666667 27.        ]],1e-05
3,8,0.7120086960265185,0.7235221464035023,[[37.33333333  4.        ] [21.33333333 25.33333333]],0.0001
3,9,0.6931118625229435,0.7178614840902976,[[35.          6.33333333] [20.66666667 26.        ]],1e-09
3,9,0.7081792352036443,0.7197122557292049,[[34.66666667  6.66666667] [19.         27.66666667]],1e-08
3,9,0.7119671139915231,0.7215846723897571,[[35.          6.33333333] [19.         27.66666667]],1e-07
3,9,0.7234168496276207,0.7330133661065864,[[36.          5.33333333] [19.         27.66666667]],1e-06
3,9,0.7232872115185172,0.734875204832832,[[36.66666667  4.66666667] [19.66666667 27.        ]],1e-05
3,9,0.7120086960265185,0.7235221464035023,[[37.33333333  4.        ] [21.33333333 25.33333333]],0.0001
7,0,0.6928469823206665,0.7165356961856124,[[15.28571429  2.42857143] [ 9.14285714 10.85714286]],1e-09
7,0,0.6929485876854298,0.7177971340577087,[[14.57142857  3.14285714] [ 8.42857143 11.57142857]],1e-08
7,0,0.7042267831741515,0.718429245309289,[[14.71428571  3.        ] [ 8.14285714 11.85714286]],1e-07
7,0,0.7079861816703922,0.7348502146950551,[[15.          2.71428571] [ 8.28571429 11.71428571]],1e-06
7,0,0.719264377159114,0.7291723519550894,[[15.57142857  2.14285714] [ 8.42857143 11.57142857]],1e-05
7,0,0.7156065840276367,0.7215870169361261,[[15.71428571  2.        ] [ 8.71428571 11.28571429]],0.0001
7,1,0.6928469823206665,0.7165356961856124,[[15.28571429  2.42857143] [ 9.14285714 10.85714286]],1e-09
7,1,0.6929485876854298,0.7177971340577087,[[14.57142857  3.14285714] [ 8.42857143 11.57142857]],1e-08
7,1,0.7042267831741515,0.718429245309289,[[14.71428571  3.        ] [ 8.14285714 11.85714286]],1e-07
7,1,0.7079861816703922,0.7348502146950551,[[15.          2.71428571] [ 8.28571429 11.71428571]],1e-06
7,1,0.719264377159114,0.7291723519550894,[[15.57142857  2.14285714] [ 8.42857143 11.57142857]],1e-05
7,1,0.7156065840276367,0.7215870169361261,[[15.71428571  2.        ] [ 8.71428571 11.28571429]],0.0001
7,2,0.6928469823206665,0.7165356961856124,[[15.28571429  2.42857143] [ 9.14285714 10.85714286]],1e-09
7,2,0.6929485876854298,0.7177971340577087,[[14.57142857  3.14285714] [ 8.42857143 11.57142857]],1e-08
7,2,0.7042267831741515,0.718429245309289,[[14.71428571  3.        ] [ 8.14285714 11.85714286]],1e-07
7,2,0.7079861816703922,0.7348502146950551,[[15.          2.71428571] [ 8.28571429 11.71428571]],1e-06
7,2,0.719264377159114,0.7291723519550894,[[15.57142857  2.14285714] [ 8.42857143 11.57142857]],1e-05
7,2,0.7156065840276367,0.7215870169361261,[[15.71428571  2.        ] [ 8.71428571 11.28571429]],0.0001
7,3,0.6928469823206665,0.7165356961856124,[[15.28571429  2.42857143] [ 9.14285714 10.85714286]],1e-09
7,3,0.6929485876854298,0.7177971340577087,[[14.57142857  3.14285714] [ 8.42857143 11.57142857]],1e-08
7,3,0.7042267831741515,0.718429245309289,[[14.71428571  3.        ] [ 8.14285714 11.85714286]],1e-07
7,3,0.7079861816703922,0.7348502146950551,[[15.          2.71428571] [ 8.28571429 11.71428571]],1e-06
7,3,0.719264377159114,0.7291723519550894,[[15.57142857  2.14285714] [ 8.42857143 11.57142857]],1e-05
7,3,0.7156065840276367,0.7215870169361261,[[15.71428571  2.        ] [ 8.71428571 11.28571429]],0.0001
7,4,0.6928469823206665,0.7165356961856124,[[15.28571429  2.42857143] [ 9.14285714 10.85714286]],1e-09
7,4,0.6929485876854298,0.7177971340577087,[[14.57142857  3.14285714] [ 8.42857143 11.57142857]],1e-08
7,4,0.7042267831741515,0.718429245309289,[[14.71428571  3.        ] [ 8.14285714 11.85714286]],1e-07
7,4,0.7079861816703922,0.7348502146950551,[[15.          2.71428571] [ 8.28571429 11.71428571]],1e-06
7,4,0.719264377159114,0.7291723519550894,[[15.57142857  2.14285714] [ 8.42857143 11.57142857]],1e-05
7,4,0.7156065840276367,0.7215870169361261,[[15.71428571  2.        ] [ 8.71428571 11.28571429]],0.0001
7,5,0.6928469823206665,0.7165356961856124,[[15.28571429  2.42857143] [ 9.14285714 10.85714286]],1e-09
7,5,0.6929485876854298,0.7177971340577087,[[14.57142857  3.14285714] [ 8.42857143 11.57142857]],1e-08
7,5,0.7042267831741515,0.718429245309289,[[14.71428571  3.        ] [ 8.14285714 11.85714286]],1e-07
7,5,0.7079861816703922,0.7348502146950551,[[15.          2.71428571] [ 8.28571429 11.71428571]],1e-06
7,5,0.719264377159114,0.7291723519550894,[[15.57142857  2.14285714] [ 8.42857143 11.57142857]],1e-05
7,5,0.7156065840276367,0.7215870169361261,[[15.71428571  2.        ] [ 8.71428571 11.28571429]],0.0001
7,6,0.6928469823206665,0.7165356961856124,[[15.28571429  2.42857143] [ 9.14285714 10.85714286]],1e-09
7,6,0.6929485876854298,0.7177971340577087,[[14.57142857  3.14285714] [ 8.42857143 11.57142857]],1e-08
7,6,0.7042267831741515,0.718429245309289,[[14.71428571  3.        ] [ 8.14285714 11.85714286]],1e-07
7,6,0.7079861816703922,0.7348502146950551,[[15.          2.71428571] [ 8.28571429 11.71428571]],1e-06
7,6,0.719264377159114,0.7291723519550894,[[15.57142857  2.14285714] [ 8.42857143 11.57142857]],1e-05
7,6,0.7156065840276367,0.7215870169361261,[[15.71428571  2.        ] [ 8.71428571 11.28571429]],0.0001
7,7,0.6928469823206665,0.7165356961856124,[[15.28571429  2.42857143] [ 9.14285714 10.85714286]],1e-09
7,7,0.6929485876854298,0.7177971340577087,[[14.57142857  3.14285714] [ 8.42857143 11.57142857]],1e-08
7,7,0.7042267831741515,0.718429245309289,[[14.71428571  3.        ] [ 8.14285714 11.85714286]],1e-07
7,7,0.7079861816703922,0.7348502146950551,[[15.          2.71428571] [ 8.28571429 11.71428571]],1e-06
7,7,0.719264377159114,0.7291723519550894,[[15.57142857  2.14285714] [ 8.42857143 11.57142857]],1e-05
7,7,0.7156065840276367,0.7215870169361261,[[15.71428571  2.        ] [ 8.71428571 11.28571429]],0.0001
7,8,0.6928469823206665,0.7165356961856124,[[15.28571429  2.42857143] [ 9.14285714 10.85714286]],1e-09
7,8,0.6929485876854298,0.7177971340577087,[[14.57142857  3.14285714] [ 8.42857143 11.57142857]],1e-08
7,8,0.7042267831741515,0.718429245309289,[[14.71428571  3.        ] [ 8.14285714 11.85714286]],1e-07
7,8,0.7079861816703922,0.7348502146950551,[[15.          2.71428571] [ 8.28571429 11.71428571]],1e-06
7,8,0.719264377159114,0.7291723519550894,[[15.57142857  2.14285714] [ 8.42857143 11.57142857]],1e-05
7,8,0.7156065840276367,0.7215870169361261,[[15.71428571  2.        ] [ 8.71428571 11.28571429]],0.0001
7,9,0.6928469823206665,0.7165356961856124,[[15.28571429  2.42857143] [ 9.14285714 10.85714286]],1e-09
7,9,0.6929485876854298,0.7177971340577087,[[14.57142857  3.14285714] [ 8.42857143 11.57142857]],1e-08
7,9,0.7042267831741515,0.718429245309289,[[14.71428571  3.        ] [ 8.14285714 11.85714286]],1e-07
7,9,0.7079861816703922,0.7348502146950551,[[15.          2.71428571] [ 8.28571429 11.71428571]],1e-06
7,9,0.719264377159114,0.7291723519550894,[[15.57142857  2.14285714] [ 8.42857143 11.57142857]],1e-05
7,9,0.7156065840276367,0.7215870169361261,[[15.71428571  2.        ] [ 8.71428571 11.28571429]],0.0001
10,0,0.6924501424501425,0.7171754777860511,[[10.7  1.7] [ 6.4  7.6]],1e-09
10,0,0.7075498575498576,0.7137946317767614,[[10.4  2. ] [ 5.7  8.3]],1e-08
10,0,0.7113960113960114,0.7167428996915222,[[10.5  1.9] [ 5.7  8.3]],1e-07
10,0,0.7152421652421652,0.733586852462504,[[10.6  1.8] [ 5.7  8.3]],1e-06
10,0,0.7269230769230769,0.7314842392653264,[[10.9  1.5] [ 5.7  8.3]],1e-05
10,0,0.7195156695156695,0.7218008722476332,[[11.1  1.3] [ 6.1  7.9]],0.0001
10,1,0.6924501424501425,0.7171754777860511,[[10.7  1.7] [ 6.4  7.6]],1e-09
10,1,0.7075498575498576,0.7137946317767614,[[10.4  2. ] [ 5.7  8.3]],1e-08
10,1,0.7113960113960114,0.7167428996915222,[[10.5  1.9] [ 5.7  8.3]],1e-07
10,1,0.7152421652421652,0.733586852462504,[[10.6  1.8] [ 5.7  8.3]],1e-06
10,1,0.7269230769230769,0.7314842392653264,[[10.9  1.5] [ 5.7  8.3]],1e-05
10,1,0.7195156695156695,0.7218008722476332,[[11.1  1.3] [ 6.1  7.9]],0.0001
10,2,0.6924501424501425,0.7171754777860511,[[10.7  1.7] [ 6.4  7.6]],1e-09
10,2,0.7075498575498576,0.7137946317767614,[[10.4  2. ] [ 5.7  8.3]],1e-08
10,2,0.7113960113960114,0.7167428996915222,[[10.5  1.9] [ 5.7  8.3]],1e-07
10,2,0.7152421652421652,0.733586852462504,[[10.6  1.8] [ 5.7  8.3]],1e-06
10,2,0.7269230769230769,0.7314842392653264,[[10.9  1.5] [ 5.7  8.3]],1e-05
10,2,0.7195156695156695,0.7218008722476332,[[11.1  1.3] [ 6.1  7.9]],0.0001
10,3,0.6924501424501425,0.7171754777860511,[[10.7  1.7] [ 6.4  7.6]],1e-09
10,3,0.7075498575498576,0.7137946317767614,[[10.4  2. ] [ 5.7  8.3]],1e-08
10,3,0.7113960113960114,0.7167428996915222,[[10.5  1.9] [ 5.7  8.3]],1e-07
10,3,0.7152421652421652,0.733586852462504,[[10.6  1.8] [ 5.7  8.3]],1e-06
10,3,0.7269230769230769,0.7314842392653264,[[10.9  1.5] [ 5.7  8.3]],1e-05
10,3,0.7195156695156695,0.7218008722476332,[[11.1  1.3] [ 6.1  7.9]],0.0001
10,4,0.6924501424501425,0.7171754777860511,[[10.7  1.7] [ 6.4  7.6]],1e-09
10,4,0.7075498575498576,0.7137946317767614,[[10.4  2. ] [ 5.7  8.3]],1e-08
10,4,0.7113960113960114,0.7167428996915222,[[10.5  1.9] [ 5.7  8.3]],1e-07
10,4,0.7152421652421652,0.733586852462504,[[10.6  1.8] [ 5.7  8.3]],1e-06
10,4,0.7269230769230769,0.7314842392653264,[[10.9  1.5] [ 5.7  8.3]],1e-05
10,4,0.7195156695156695,0.7218008722476332,[[11.1  1.3] [ 6.1  7.9]],0.0001
10,5,0.6924501424501425,0.7171754777860511,[[10.7  1.7] [ 6.4  7.6]],1e-09
10,5,0.7075498575498576,0.7137946317767614,[[10.4  2. ] [ 5.7  8.3]],1e-08
10,5,0.7113960113960114,0.7167428996915222,[[10.5  1.9] [ 5.7  8.3]],1e-07
10,5,0.7152421652421652,0.733586852462504,[[10.6  1.8] [ 5.7  8.3]],1e-06
10,5,0.7269230769230769,0.7314842392653264,[[10.9  1.5] [ 5.7  8.3]],1e-05
10,5,0.7195156695156695,0.7218008722476332,[[11.1  1.3] [ 6.1  7.9]],0.0001
10,6,0.6924501424501425,0.7171754777860511,[[10.7  1.7] [ 6.4  7.6]],1e-09
10,6,0.7075498575498576,0.7137946317767614,[[10.4  2. ] [ 5.7  8.3]],1e-08
10,6,0.7113960113960114,0.7167428996915222,[[10.5  1.9] [ 5.7  8.3]],1e-07
10,6,0.7152421652421652,0.733586852462504,[[10.6  1.8] [ 5.7  8.3]],1e-06
10,6,0.7269230769230769,0.7314842392653264,[[10.9  1.5] [ 5.7  8.3]],1e-05
10,6,0.7195156695156695,0.7218008722476332,[[11.1  1.3] [ 6.1  7.9]],0.0001
10,7,0.6924501424501425,0.7171754777860511,[[10.7  1.7] [ 6.4  7.6]],1e-09
10,7,0.7075498575498576,0.7137946317767614,[[10.4  2. ] [ 5.7  8.3]],1e-08
10,7,0.7113960113960114,0.7167428996915222,[[10.5  1.9] [ 5.7  8.3]],1e-07
10,7,0.7152421652421652,0.733586852462504,[[10.6  1.8] [ 5.7  8.3]],1e-06
10,7,0.7269230769230769,0.7314842392653264,[[10.9  1.5] [ 5.7  8.3]],1e-05
10,7,0.7195156695156695,0.7218008722476332,[[11.1  1.3] [ 6.1  7.9]],0.0001
10,8,0.6924501424501425,0.7171754777860511,[[10.7  1.7] [ 6.4  7.6]],1e-09
10,8,0.7075498575498576,0.7137946317767614,[[10.4  2. ] [ 5.7  8.3]],1e-08
10,8,0.7113960113960114,0.7167428996915222,[[10.5  1.9] [ 5.7  8.3]],1e-07
10,8,0.7152421652421652,0.733586852462504,[[10.6  1.8] [ 5.7  8.3]],1e-06
10,8,0.7269230769230769,0.7314842392653264,[[10.9  1.5] [ 5.7  8.3]],1e-05
10,8,0.7195156695156695,0.7218008722476332,[[11.1  1.3] [ 6.1  7.9]],0.0001
10,9,0.6924501424501425,0.7171754777860511,[[10.7  1.7] [ 6.4  7.6]],1e-09
10,9,0.7075498575498576,0.7137946317767614,[[10.4  2. ] [ 5.7  8.3]],1e-08
10,9,0.7113960113960114,0.7167428996915222,[[10.5  1.9] [ 5.7  8.3]],1e-07
10,9,0.7152421652421652,0.733586852462504,[[10.6  1.8] [ 5.7  8.3]],1e-06
10,9,0.7269230769230769,0.7314842392653264,[[10.9  1.5] [ 5.7  8.3]],1e-05
10,9,0.7195156695156695,0.7218008722476332,[[11.1  1.3] [ 6.1  7.9]],0.0001