Size,Ntrial,TestAcc,TrainAcc,ConfMatrix,Config
3,0,0.6820916448483283,1.0,[[30.66666667 10.66666667] [17.33333333 29.33333333]],1_1
3,0,0.6856637862546425,1.0,[[30.66666667 10.66666667] [17.         29.66666667]],1_2
3,0,0.6932405222312236,1.0,[[31.         10.33333333] [16.66666667 30.        ]],1_3
3,0,0.6894516650425213,1.0,[[30.66666667 10.66666667] [16.66666667 30.        ]],1_4
3,0,0.6932395438304001,1.0,[[31.         10.33333333] [16.66666667 30.        ]],1_5
3,0,0.6893239837350648,0.7140304375473867,[[37.66666667  3.66666667] [23.66666667 23.        ]],6_1
3,0,0.6744723484359284,0.7253511507325067,[[37.          4.33333333] [24.33333333 22.33333333]],6_2
3,0,0.6782176667879883,0.7328949299288282,[[37.33333333  4.        ] [24.33333333 22.33333333]],6_3
3,0,0.6781751063521695,0.734778169100203,[[37.66666667  3.66666667] [24.66666667 22.        ]],6_4
3,0,0.6705558099397696,0.7328843519945215,[[37.66666667  3.66666667] [25.33333333 21.33333333]],6_5
3,0,0.6667243923152485,0.7310442805781788,[[34.          7.33333333] [22.         24.66666667]],11_1
3,0,0.697072918256568,0.7178402059334262,[[35.33333333  6.        ] [20.66666667 26.        ]],11_2
3,0,0.6931563797604092,0.700848130212537,[[35.66666667  5.66666667] [21.33333333 25.33333333]],11_3
3,0,0.6818343254317683,0.6989111453518233,[[36.          5.33333333] [22.66666667 24.        ]],11_4
3,0,0.689367522571707,0.6932183823709247,[[36.33333333  5.        ] [22.33333333 24.33333333]],11_5
3,0,0.6516560412337242,0.6931753369041505,[[38.66666667  2.66666667] [28.         18.66666667]],16_1
3,0,0.6364619656463902,0.700772739501553,[[36.66666667  4.66666667] [27.33333333 19.33333333]],16_2
3,0,0.6478691408466689,0.7045500403551251,[[37.33333333  4.        ] [27.         19.66666667]],16_3
3,0,0.65544587682325,0.7121366204417052,[[37.          4.33333333] [26.         20.66666667]],16_4
3,0,0.6630651732356498,0.7197340230391078,[[37.          4.33333333] [25.33333333 21.33333333]],16_5
3,0,0.662763336581624,0.7045609851542055,[[37.33333333  4.        ] [25.66666667 21.        ]],21_1
3,0,0.6516570196345477,0.6894198033604814,[[36.66666667  4.66666667] [26.         20.66666667]],21_2
3,0,0.6439535807513336,0.7064441020373223,[[35.          6.33333333] [25.         21.66666667]],21_3
3,0,0.6477414595392124,0.7007835620123756,[[35.          6.33333333] [24.66666667 22.        ]],21_4
3,0,0.6478275588116735,0.6932185046591827,[[35.          6.33333333] [24.66666667 22.        ]],21_5
3,0,0.666637314641964,0.7008267297674078,[[39.          2.33333333] [27.         19.66666667]],26_1
3,0,0.6324583494769469,0.6667350869469514,[[38.66666667  2.66666667] [29.66666667 17.        ]],26_2
3,0,0.6173919551970695,0.6894413260938684,[[37.          4.33333333] [29.33333333 17.33333333]],26_3
3,0,0.6174364724345353,0.6931968596375376,[[36.          5.33333333] [28.33333333 18.33333333]],26_4
3,0,0.6137772533549364,0.6837269180913249,[[35.          6.33333333] [27.66666667 19.        ]],26_5
3,1,0.6820916448483283,1.0,[[30.66666667 10.66666667] [17.33333333 29.33333333]],1_1
3,1,0.6856637862546425,1.0,[[30.66666667 10.66666667] [17.         29.66666667]],1_2
3,1,0.6932405222312236,1.0,[[31.         10.33333333] [16.66666667 30.        ]],1_3
3,1,0.6894516650425213,1.0,[[30.66666667 10.66666667] [16.66666667 30.        ]],1_4
3,1,0.6932395438304001,1.0,[[31.         10.33333333] [16.66666667 30.        ]],1_5
3,1,0.6893239837350648,0.7140304375473867,[[37.66666667  3.66666667] [23.66666667 23.        ]],6_1
3,1,0.6744723484359284,0.7253511507325067,[[37.          4.33333333] [24.33333333 22.33333333]],6_2
3,1,0.6782176667879883,0.7328949299288282,[[37.33333333  4.        ] [24.33333333 22.33333333]],6_3
3,1,0.6781751063521695,0.734778169100203,[[37.66666667  3.66666667] [24.66666667 22.        ]],6_4
3,1,0.6705558099397696,0.7328843519945215,[[37.66666667  3.66666667] [25.33333333 21.33333333]],6_5
3,1,0.6667243923152485,0.7310442805781788,[[34.          7.33333333] [22.         24.66666667]],11_1
3,1,0.697072918256568,0.7178402059334262,[[35.33333333  6.        ] [20.66666667 26.        ]],11_2
3,1,0.6931563797604092,0.700848130212537,[[35.66666667  5.66666667] [21.33333333 25.33333333]],11_3
3,1,0.6818343254317683,0.6989111453518233,[[36.          5.33333333] [22.66666667 24.        ]],11_4
3,1,0.689367522571707,0.6932183823709247,[[36.33333333  5.        ] [22.33333333 24.33333333]],11_5
3,1,0.6516560412337242,0.6931753369041505,[[38.66666667  2.66666667] [28.         18.66666667]],16_1
3,1,0.6364619656463902,0.700772739501553,[[36.66666667  4.66666667] [27.33333333 19.33333333]],16_2
3,1,0.6478691408466689,0.7045500403551251,[[37.33333333  4.        ] [27.         19.66666667]],16_3
3,1,0.65544587682325,0.7121366204417052,[[37.          4.33333333] [26.         20.66666667]],16_4
3,1,0.6630651732356498,0.7197340230391078,[[37.          4.33333333] [25.33333333 21.33333333]],16_5
3,1,0.662763336581624,0.7045609851542055,[[37.33333333  4.        ] [25.66666667 21.        ]],21_1
3,1,0.6516570196345477,0.6894198033604814,[[36.66666667  4.66666667] [26.         20.66666667]],21_2
3,1,0.6439535807513336,0.7064441020373223,[[35.          6.33333333] [25.         21.66666667]],21_3
3,1,0.6477414595392124,0.7007835620123756,[[35.          6.33333333] [24.66666667 22.        ]],21_4
3,1,0.6478275588116735,0.6932185046591827,[[35.          6.33333333] [24.66666667 22.        ]],21_5
3,1,0.666637314641964,0.7008267297674078,[[39.          2.33333333] [27.         19.66666667]],26_1
3,1,0.6324583494769469,0.6667350869469514,[[38.66666667  2.66666667] [29.66666667 17.        ]],26_2
3,1,0.6173919551970695,0.6894413260938684,[[37.          4.33333333] [29.33333333 17.33333333]],26_3
3,1,0.6174364724345353,0.6931968596375376,[[36.          5.33333333] [28.33333333 18.33333333]],26_4
3,1,0.6137772533549364,0.6837269180913249,[[35.          6.33333333] [27.66666667 19.        ]],26_5
3,2,0.6820916448483283,1.0,[[30.66666667 10.66666667] [17.33333333 29.33333333]],1_1
3,2,0.6856637862546425,1.0,[[30.66666667 10.66666667] [17.         29.66666667]],1_2
3,2,0.6932405222312236,1.0,[[31.         10.33333333] [16.66666667 30.        ]],1_3
3,2,0.6894516650425213,1.0,[[30.66666667 10.66666667] [16.66666667 30.        ]],1_4
3,2,0.6932395438304001,1.0,[[31.         10.33333333] [16.66666667 30.        ]],1_5
3,2,0.6893239837350648,0.7140304375473867,[[37.66666667  3.66666667] [23.66666667 23.        ]],6_1
3,2,0.6744723484359284,0.7253511507325067,[[37.          4.33333333] [24.33333333 22.33333333]],6_2
3,2,0.6782176667879883,0.7328949299288282,[[37.33333333  4.        ] [24.33333333 22.33333333]],6_3
3,2,0.6781751063521695,0.734778169100203,[[37.66666667  3.66666667] [24.66666667 22.        ]],6_4
3,2,0.6705558099397696,0.7328843519945215,[[37.66666667  3.66666667] [25.33333333 21.33333333]],6_5
3,2,0.6667243923152485,0.7310442805781788,[[34.          7.33333333] [22.         24.66666667]],11_1
3,2,0.697072918256568,0.7178402059334262,[[35.33333333  6.        ] [20.66666667 26.        ]],11_2
3,2,0.6931563797604092,0.700848130212537,[[35.66666667  5.66666667] [21.33333333 25.33333333]],11_3
3,2,0.6818343254317683,0.6989111453518233,[[36.          5.33333333] [22.66666667 24.        ]],11_4
3,2,0.689367522571707,0.6932183823709247,[[36.33333333  5.        ] [22.33333333 24.33333333]],11_5
3,2,0.6516560412337242,0.6931753369041505,[[38.66666667  2.66666667] [28.         18.66666667]],16_1
3,2,0.6364619656463902,0.700772739501553,[[36.66666667  4.66666667] [27.33333333 19.33333333]],16_2
3,2,0.6478691408466689,0.7045500403551251,[[37.33333333  4.        ] [27.         19.66666667]],16_3
3,2,0.65544587682325,0.7121366204417052,[[37.          4.33333333] [26.         20.66666667]],16_4
3,2,0.6630651732356498,0.7197340230391078,[[37.          4.33333333] [25.33333333 21.33333333]],16_5
3,2,0.662763336581624,0.7045609851542055,[[37.33333333  4.        ] [25.66666667 21.        ]],21_1
3,2,0.6516570196345477,0.6894198033604814,[[36.66666667  4.66666667] [26.         20.66666667]],21_2
3,2,0.6439535807513336,0.7064441020373223,[[35.          6.33333333] [25.         21.66666667]],21_3
3,2,0.6477414595392124,0.7007835620123756,[[35.          6.33333333] [24.66666667 22.        ]],21_4
3,2,0.6478275588116735,0.6932185046591827,[[35.          6.33333333] [24.66666667 22.        ]],21_5
3,2,0.666637314641964,0.7008267297674078,[[39.          2.33333333] [27.         19.66666667]],26_1
3,2,0.6324583494769469,0.6667350869469514,[[38.66666667  2.66666667] [29.66666667 17.        ]],26_2
3,2,0.6173919551970695,0.6894413260938684,[[37.          4.33333333] [29.33333333 17.33333333]],26_3
3,2,0.6174364724345353,0.6931968596375376,[[36.          5.33333333] [28.33333333 18.33333333]],26_4
3,2,0.6137772533549364,0.6837269180913249,[[35.          6.33333333] [27.66666667 19.        ]],26_5
3,3,0.6820916448483283,1.0,[[30.66666667 10.66666667] [17.33333333 29.33333333]],1_1
3,3,0.6856637862546425,1.0,[[30.66666667 10.66666667] [17.         29.66666667]],1_2
3,3,0.6932405222312236,1.0,[[31.         10.33333333] [16.66666667 30.        ]],1_3
3,3,0.6894516650425213,1.0,[[30.66666667 10.66666667] [16.66666667 30.        ]],1_4
3,3,0.6932395438304001,1.0,[[31.         10.33333333] [16.66666667 30.        ]],1_5
3,3,0.6893239837350648,0.7140304375473867,[[37.66666667  3.66666667] [23.66666667 23.        ]],6_1
3,3,0.6744723484359284,0.7253511507325067,[[37.          4.33333333] [24.33333333 22.33333333]],6_2
3,3,0.6782176667879883,0.7328949299288282,[[37.33333333  4.        ] [24.33333333 22.33333333]],6_3
3,3,0.6781751063521695,0.734778169100203,[[37.66666667  3.66666667] [24.66666667 22.        ]],6_4
3,3,0.6705558099397696,0.7328843519945215,[[37.66666667  3.66666667] [25.33333333 21.33333333]],6_5
3,3,0.6667243923152485,0.7310442805781788,[[34.          7.33333333] [22.         24.66666667]],11_1
3,3,0.697072918256568,0.7178402059334262,[[35.33333333  6.        ] [20.66666667 26.        ]],11_2
3,3,0.6931563797604092,0.700848130212537,[[35.66666667  5.66666667] [21.33333333 25.33333333]],11_3
3,3,0.6818343254317683,0.6989111453518233,[[36.          5.33333333] [22.66666667 24.        ]],11_4
3,3,0.689367522571707,0.6932183823709247,[[36.33333333  5.        ] [22.33333333 24.33333333]],11_5
3,3,0.6516560412337242,0.6931753369041505,[[38.66666667  2.66666667] [28.         18.66666667]],16_1
3,3,0.6364619656463902,0.700772739501553,[[36.66666667  4.66666667] [27.33333333 19.33333333]],16_2
3,3,0.6478691408466689,0.7045500403551251,[[37.33333333  4.        ] [27.         19.66666667]],16_3
3,3,0.65544587682325,0.7121366204417052,[[37.          4.33333333] [26.         20.66666667]],16_4
3,3,0.6630651732356498,0.7197340230391078,[[37.          4.33333333] [25.33333333 21.33333333]],16_5
3,3,0.662763336581624,0.7045609851542055,[[37.33333333  4.        ] [25.66666667 21.        ]],21_1
3,3,0.6516570196345477,0.6894198033604814,[[36.66666667  4.66666667] [26.         20.66666667]],21_2
3,3,0.6439535807513336,0.7064441020373223,[[35.          6.33333333] [25.         21.66666667]],21_3
3,3,0.6477414595392124,0.7007835620123756,[[35.          6.33333333] [24.66666667 22.        ]],21_4
3,3,0.6478275588116735,0.6932185046591827,[[35.          6.33333333] [24.66666667 22.        ]],21_5
3,3,0.666637314641964,0.7008267297674078,[[39.          2.33333333] [27.         19.66666667]],26_1
3,3,0.6324583494769469,0.6667350869469514,[[38.66666667  2.66666667] [29.66666667 17.        ]],26_2
3,3,0.6173919551970695,0.6894413260938684,[[37.          4.33333333] [29.33333333 17.33333333]],26_3
3,3,0.6174364724345353,0.6931968596375376,[[36.          5.33333333] [28.33333333 18.33333333]],26_4
3,3,0.6137772533549364,0.6837269180913249,[[35.          6.33333333] [27.66666667 19.        ]],26_5
3,4,0.6820916448483283,1.0,[[30.66666667 10.66666667] [17.33333333 29.33333333]],1_1
3,4,0.6856637862546425,1.0,[[30.66666667 10.66666667] [17.         29.66666667]],1_2
3,4,0.6932405222312236,1.0,[[31.         10.33333333] [16.66666667 30.        ]],1_3
3,4,0.6894516650425213,1.0,[[30.66666667 10.66666667] [16.66666667 30.        ]],1_4
3,4,0.6932395438304001,1.0,[[31.         10.33333333] [16.66666667 30.        ]],1_5
3,4,0.6893239837350648,0.7140304375473867,[[37.66666667  3.66666667] [23.66666667 23.        ]],6_1
3,4,0.6744723484359284,0.7253511507325067,[[37.          4.33333333] [24.33333333 22.33333333]],6_2
3,4,0.6782176667879883,0.7328949299288282,[[37.33333333  4.        ] [24.33333333 22.33333333]],6_3
3,4,0.6781751063521695,0.734778169100203,[[37.66666667  3.66666667] [24.66666667 22.        ]],6_4
3,4,0.6705558099397696,0.7328843519945215,[[37.66666667  3.66666667] [25.33333333 21.33333333]],6_5
3,4,0.6667243923152485,0.7310442805781788,[[34.          7.33333333] [22.         24.66666667]],11_1
3,4,0.697072918256568,0.7178402059334262,[[35.33333333  6.        ] [20.66666667 26.        ]],11_2
3,4,0.6931563797604092,0.700848130212537,[[35.66666667  5.66666667] [21.33333333 25.33333333]],11_3
3,4,0.6818343254317683,0.6989111453518233,[[36.          5.33333333] [22.66666667 24.        ]],11_4
3,4,0.689367522571707,0.6932183823709247,[[36.33333333  5.        ] [22.33333333 24.33333333]],11_5
3,4,0.6516560412337242,0.6931753369041505,[[38.66666667  2.66666667] [28.         18.66666667]],16_1
3,4,0.6364619656463902,0.700772739501553,[[36.66666667  4.66666667] [27.33333333 19.33333333]],16_2
3,4,0.6478691408466689,0.7045500403551251,[[37.33333333  4.        ] [27.         19.66666667]],16_3
3,4,0.65544587682325,0.7121366204417052,[[37.          4.33333333] [26.         20.66666667]],16_4
3,4,0.6630651732356498,0.7197340230391078,[[37.          4.33333333] [25.33333333 21.33333333]],16_5
3,4,0.662763336581624,0.7045609851542055,[[37.33333333  4.        ] [25.66666667 21.        ]],21_1
3,4,0.6516570196345477,0.6894198033604814,[[36.66666667  4.66666667] [26.         20.66666667]],21_2
3,4,0.6439535807513336,0.7064441020373223,[[35.          6.33333333] [25.         21.66666667]],21_3
3,4,0.6477414595392124,0.7007835620123756,[[35.          6.33333333] [24.66666667 22.        ]],21_4
3,4,0.6478275588116735,0.6932185046591827,[[35.          6.33333333] [24.66666667 22.        ]],21_5
3,4,0.666637314641964,0.7008267297674078,[[39.          2.33333333] [27.         19.66666667]],26_1
3,4,0.6324583494769469,0.6667350869469514,[[38.66666667  2.66666667] [29.66666667 17.        ]],26_2
3,4,0.6173919551970695,0.6894413260938684,[[37.          4.33333333] [29.33333333 17.33333333]],26_3
3,4,0.6174364724345353,0.6931968596375376,[[36.          5.33333333] [28.33333333 18.33333333]],26_4
3,4,0.6137772533549364,0.6837269180913249,[[35.          6.33333333] [27.66666667 19.        ]],26_5
3,5,0.6820916448483283,1.0,[[30.66666667 10.66666667] [17.33333333 29.33333333]],1_1
3,5,0.6856637862546425,1.0,[[30.66666667 10.66666667] [17.         29.66666667]],1_2
3,5,0.6932405222312236,1.0,[[31.         10.33333333] [16.66666667 30.        ]],1_3
3,5,0.6894516650425213,1.0,[[30.66666667 10.66666667] [16.66666667 30.        ]],1_4
3,5,0.6932395438304001,1.0,[[31.         10.33333333] [16.66666667 30.        ]],1_5
3,5,0.6893239837350648,0.7140304375473867,[[37.66666667  3.66666667] [23.66666667 23.        ]],6_1
3,5,0.6744723484359284,0.7253511507325067,[[37.          4.33333333] [24.33333333 22.33333333]],6_2
3,5,0.6782176667879883,0.7328949299288282,[[37.33333333  4.        ] [24.33333333 22.33333333]],6_3
3,5,0.6781751063521695,0.734778169100203,[[37.66666667  3.66666667] [24.66666667 22.        ]],6_4
3,5,0.6705558099397696,0.7328843519945215,[[37.66666667  3.66666667] [25.33333333 21.33333333]],6_5
3,5,0.6667243923152485,0.7310442805781788,[[34.          7.33333333] [22.         24.66666667]],11_1
3,5,0.697072918256568,0.7178402059334262,[[35.33333333  6.        ] [20.66666667 26.        ]],11_2
3,5,0.6931563797604092,0.700848130212537,[[35.66666667  5.66666667] [21.33333333 25.33333333]],11_3
3,5,0.6818343254317683,0.6989111453518233,[[36.          5.33333333] [22.66666667 24.        ]],11_4
3,5,0.689367522571707,0.6932183823709247,[[36.33333333  5.        ] [22.33333333 24.33333333]],11_5
3,5,0.6516560412337242,0.6931753369041505,[[38.66666667  2.66666667] [28.         18.66666667]],16_1
3,5,0.6364619656463902,0.700772739501553,[[36.66666667  4.66666667] [27.33333333 19.33333333]],16_2
3,5,0.6478691408466689,0.7045500403551251,[[37.33333333  4.        ] [27.         19.66666667]],16_3
3,5,0.65544587682325,0.7121366204417052,[[37.          4.33333333] [26.         20.66666667]],16_4
3,5,0.6630651732356498,0.7197340230391078,[[37.          4.33333333] [25.33333333 21.33333333]],16_5
3,5,0.662763336581624,0.7045609851542055,[[37.33333333  4.        ] [25.66666667 21.        ]],21_1
3,5,0.6516570196345477,0.6894198033604814,[[36.66666667  4.66666667] [26.         20.66666667]],21_2
3,5,0.6439535807513336,0.7064441020373223,[[35.          6.33333333] [25.         21.66666667]],21_3
3,5,0.6477414595392124,0.7007835620123756,[[35.          6.33333333] [24.66666667 22.        ]],21_4
3,5,0.6478275588116735,0.6932185046591827,[[35.          6.33333333] [24.66666667 22.        ]],21_5
3,5,0.666637314641964,0.7008267297674078,[[39.          2.33333333] [27.         19.66666667]],26_1
3,5,0.6324583494769469,0.6667350869469514,[[38.66666667  2.66666667] [29.66666667 17.        ]],26_2
3,5,0.6173919551970695,0.6894413260938684,[[37.          4.33333333] [29.33333333 17.33333333]],26_3
3,5,0.6174364724345353,0.6931968596375376,[[36.          5.33333333] [28.33333333 18.33333333]],26_4
3,5,0.6137772533549364,0.6837269180913249,[[35.          6.33333333] [27.66666667 19.        ]],26_5
3,6,0.6820916448483283,1.0,[[30.66666667 10.66666667] [17.33333333 29.33333333]],1_1
3,6,0.6856637862546425,1.0,[[30.66666667 10.66666667] [17.         29.66666667]],1_2
3,6,0.6932405222312236,1.0,[[31.         10.33333333] [16.66666667 30.        ]],1_3
3,6,0.6894516650425213,1.0,[[30.66666667 10.66666667] [16.66666667 30.        ]],1_4
3,6,0.6932395438304001,1.0,[[31.         10.33333333] [16.66666667 30.        ]],1_5
3,6,0.6893239837350648,0.7140304375473867,[[37.66666667  3.66666667] [23.66666667 23.        ]],6_1
3,6,0.6744723484359284,0.7253511507325067,[[37.          4.33333333] [24.33333333 22.33333333]],6_2
3,6,0.6782176667879883,0.7328949299288282,[[37.33333333  4.        ] [24.33333333 22.33333333]],6_3
3,6,0.6781751063521695,0.734778169100203,[[37.66666667  3.66666667] [24.66666667 22.        ]],6_4
3,6,0.6705558099397696,0.7328843519945215,[[37.66666667  3.66666667] [25.33333333 21.33333333]],6_5
3,6,0.6667243923152485,0.7310442805781788,[[34.          7.33333333] [22.         24.66666667]],11_1
3,6,0.697072918256568,0.7178402059334262,[[35.33333333  6.        ] [20.66666667 26.        ]],11_2
3,6,0.6931563797604092,0.700848130212537,[[35.66666667  5.66666667] [21.33333333 25.33333333]],11_3
3,6,0.6818343254317683,0.6989111453518233,[[36.          5.33333333] [22.66666667 24.        ]],11_4
3,6,0.689367522571707,0.6932183823709247,[[36.33333333  5.        ] [22.33333333 24.33333333]],11_5
3,6,0.6516560412337242,0.6931753369041505,[[38.66666667  2.66666667] [28.         18.66666667]],16_1
3,6,0.6364619656463902,0.700772739501553,[[36.66666667  4.66666667] [27.33333333 19.33333333]],16_2
3,6,0.6478691408466689,0.7045500403551251,[[37.33333333  4.        ] [27.         19.66666667]],16_3
3,6,0.65544587682325,0.7121366204417052,[[37.          4.33333333] [26.         20.66666667]],16_4
3,6,0.6630651732356498,0.7197340230391078,[[37.          4.33333333] [25.33333333 21.33333333]],16_5
3,6,0.662763336581624,0.7045609851542055,[[37.33333333  4.        ] [25.66666667 21.        ]],21_1
3,6,0.6516570196345477,0.6894198033604814,[[36.66666667  4.66666667] [26.         20.66666667]],21_2
3,6,0.6439535807513336,0.7064441020373223,[[35.          6.33333333] [25.         21.66666667]],21_3
3,6,0.6477414595392124,0.7007835620123756,[[35.          6.33333333] [24.66666667 22.        ]],21_4
3,6,0.6478275588116735,0.6932185046591827,[[35.          6.33333333] [24.66666667 22.        ]],21_5
3,6,0.666637314641964,0.7008267297674078,[[39.          2.33333333] [27.         19.66666667]],26_1
3,6,0.6324583494769469,0.6667350869469514,[[38.66666667  2.66666667] [29.66666667 17.        ]],26_2
3,6,0.6173919551970695,0.6894413260938684,[[37.          4.33333333] [29.33333333 17.33333333]],26_3
3,6,0.6174364724345353,0.6931968596375376,[[36.          5.33333333] [28.33333333 18.33333333]],26_4
3,6,0.6137772533549364,0.6837269180913249,[[35.          6.33333333] [27.66666667 19.        ]],26_5
3,7,0.6820916448483283,1.0,[[30.66666667 10.66666667] [17.33333333 29.33333333]],1_1
3,7,0.6856637862546425,1.0,[[30.66666667 10.66666667] [17.         29.66666667]],1_2
3,7,0.6932405222312236,1.0,[[31.         10.33333333] [16.66666667 30.        ]],1_3
3,7,0.6894516650425213,1.0,[[30.66666667 10.66666667] [16.66666667 30.        ]],1_4
3,7,0.6932395438304001,1.0,[[31.         10.33333333] [16.66666667 30.        ]],1_5
3,7,0.6893239837350648,0.7140304375473867,[[37.66666667  3.66666667] [23.66666667 23.        ]],6_1
3,7,0.6744723484359284,0.7253511507325067,[[37.          4.33333333] [24.33333333 22.33333333]],6_2
3,7,0.6782176667879883,0.7328949299288282,[[37.33333333  4.        ] [24.33333333 22.33333333]],6_3
3,7,0.6781751063521695,0.734778169100203,[[37.66666667  3.66666667] [24.66666667 22.        ]],6_4
3,7,0.6705558099397696,0.7328843519945215,[[37.66666667  3.66666667] [25.33333333 21.33333333]],6_5
3,7,0.6667243923152485,0.7310442805781788,[[34.          7.33333333] [22.         24.66666667]],11_1
3,7,0.697072918256568,0.7178402059334262,[[35.33333333  6.        ] [20.66666667 26.        ]],11_2
3,7,0.6931563797604092,0.700848130212537,[[35.66666667  5.66666667] [21.33333333 25.33333333]],11_3
3,7,0.6818343254317683,0.6989111453518233,[[36.          5.33333333] [22.66666667 24.        ]],11_4
3,7,0.689367522571707,0.6932183823709247,[[36.33333333  5.        ] [22.33333333 24.33333333]],11_5
3,7,0.6516560412337242,0.6931753369041505,[[38.66666667  2.66666667] [28.         18.66666667]],16_1
3,7,0.6364619656463902,0.700772739501553,[[36.66666667  4.66666667] [27.33333333 19.33333333]],16_2
3,7,0.6478691408466689,0.7045500403551251,[[37.33333333  4.        ] [27.         19.66666667]],16_3
3,7,0.65544587682325,0.7121366204417052,[[37.          4.33333333] [26.         20.66666667]],16_4
3,7,0.6630651732356498,0.7197340230391078,[[37.          4.33333333] [25.33333333 21.33333333]],16_5
3,7,0.662763336581624,0.7045609851542055,[[37.33333333  4.        ] [25.66666667 21.        ]],21_1
3,7,0.6516570196345477,0.6894198033604814,[[36.66666667  4.66666667] [26.         20.66666667]],21_2
3,7,0.6439535807513336,0.7064441020373223,[[35.          6.33333333] [25.         21.66666667]],21_3
3,7,0.6477414595392124,0.7007835620123756,[[35.          6.33333333] [24.66666667 22.        ]],21_4
3,7,0.6478275588116735,0.6932185046591827,[[35.          6.33333333] [24.66666667 22.        ]],21_5
3,7,0.666637314641964,0.7008267297674078,[[39.          2.33333333] [27.         19.66666667]],26_1
3,7,0.6324583494769469,0.6667350869469514,[[38.66666667  2.66666667] [29.66666667 17.        ]],26_2
3,7,0.6173919551970695,0.6894413260938684,[[37.          4.33333333] [29.33333333 17.33333333]],26_3
3,7,0.6174364724345353,0.6931968596375376,[[36.          5.33333333] [28.33333333 18.33333333]],26_4
3,7,0.6137772533549364,0.6837269180913249,[[35.          6.33333333] [27.66666667 19.        ]],26_5
3,8,0.6820916448483283,1.0,[[30.66666667 10.66666667] [17.33333333 29.33333333]],1_1
3,8,0.6856637862546425,1.0,[[30.66666667 10.66666667] [17.         29.66666667]],1_2
3,8,0.6932405222312236,1.0,[[31.         10.33333333] [16.66666667 30.        ]],1_3
3,8,0.6894516650425213,1.0,[[30.66666667 10.66666667] [16.66666667 30.        ]],1_4
3,8,0.6932395438304001,1.0,[[31.         10.33333333] [16.66666667 30.        ]],1_5
3,8,0.6893239837350648,0.7140304375473867,[[37.66666667  3.66666667] [23.66666667 23.        ]],6_1
3,8,0.6744723484359284,0.7253511507325067,[[37.          4.33333333] [24.33333333 22.33333333]],6_2
3,8,0.6782176667879883,0.7328949299288282,[[37.33333333  4.        ] [24.33333333 22.33333333]],6_3
3,8,0.6781751063521695,0.734778169100203,[[37.66666667  3.66666667] [24.66666667 22.        ]],6_4
3,8,0.6705558099397696,0.7328843519945215,[[37.66666667  3.66666667] [25.33333333 21.33333333]],6_5
3,8,0.6667243923152485,0.7310442805781788,[[34.          7.33333333] [22.         24.66666667]],11_1
3,8,0.697072918256568,0.7178402059334262,[[35.33333333  6.        ] [20.66666667 26.        ]],11_2
3,8,0.6931563797604092,0.700848130212537,[[35.66666667  5.66666667] [21.33333333 25.33333333]],11_3
3,8,0.6818343254317683,0.6989111453518233,[[36.          5.33333333] [22.66666667 24.        ]],11_4
3,8,0.689367522571707,0.6932183823709247,[[36.33333333  5.        ] [22.33333333 24.33333333]],11_5
3,8,0.6516560412337242,0.6931753369041505,[[38.66666667  2.66666667] [28.         18.66666667]],16_1
3,8,0.6364619656463902,0.700772739501553,[[36.66666667  4.66666667] [27.33333333 19.33333333]],16_2
3,8,0.6478691408466689,0.7045500403551251,[[37.33333333  4.        ] [27.         19.66666667]],16_3
3,8,0.65544587682325,0.7121366204417052,[[37.          4.33333333] [26.         20.66666667]],16_4
3,8,0.6630651732356498,0.7197340230391078,[[37.          4.33333333] [25.33333333 21.33333333]],16_5
3,8,0.662763336581624,0.7045609851542055,[[37.33333333  4.        ] [25.66666667 21.        ]],21_1
3,8,0.6516570196345477,0.6894198033604814,[[36.66666667  4.66666667] [26.         20.66666667]],21_2
3,8,0.6439535807513336,0.7064441020373223,[[35.          6.33333333] [25.         21.66666667]],21_3
3,8,0.6477414595392124,0.7007835620123756,[[35.          6.33333333] [24.66666667 22.        ]],21_4
3,8,0.6478275588116735,0.6932185046591827,[[35.          6.33333333] [24.66666667 22.        ]],21_5
3,8,0.666637314641964,0.7008267297674078,[[39.          2.33333333] [27.         19.66666667]],26_1
3,8,0.6324583494769469,0.6667350869469514,[[38.66666667  2.66666667] [29.66666667 17.        ]],26_2
3,8,0.6173919551970695,0.6894413260938684,[[37.          4.33333333] [29.33333333 17.33333333]],26_3
3,8,0.6174364724345353,0.6931968596375376,[[36.          5.33333333] [28.33333333 18.33333333]],26_4
3,8,0.6137772533549364,0.6837269180913249,[[35.          6.33333333] [27.66666667 19.        ]],26_5
3,9,0.6820916448483283,1.0,[[30.66666667 10.66666667] [17.33333333 29.33333333]],1_1
3,9,0.6856637862546425,1.0,[[30.66666667 10.66666667] [17.         29.66666667]],1_2
3,9,0.6932405222312236,1.0,[[31.         10.33333333] [16.66666667 30.        ]],1_3
3,9,0.6894516650425213,1.0,[[30.66666667 10.66666667] [16.66666667 30.        ]],1_4
3,9,0.6932395438304001,1.0,[[31.         10.33333333] [16.66666667 30.        ]],1_5
3,9,0.6893239837350648,0.7140304375473867,[[37.66666667  3.66666667] [23.66666667 23.        ]],6_1
3,9,0.6744723484359284,0.7253511507325067,[[37.          4.33333333] [24.33333333 22.33333333]],6_2
3,9,0.6782176667879883,0.7328949299288282,[[37.33333333  4.        ] [24.33333333 22.33333333]],6_3
3,9,0.6781751063521695,0.734778169100203,[[37.66666667  3.66666667] [24.66666667 22.        ]],6_4
3,9,0.6705558099397696,0.7328843519945215,[[37.66666667  3.66666667] [25.33333333 21.33333333]],6_5
3,9,0.6667243923152485,0.7310442805781788,[[34.          7.33333333] [22.         24.66666667]],11_1
3,9,0.697072918256568,0.7178402059334262,[[35.33333333  6.        ] [20.66666667 26.        ]],11_2
3,9,0.6931563797604092,0.700848130212537,[[35.66666667  5.66666667] [21.33333333 25.33333333]],11_3
3,9,0.6818343254317683,0.6989111453518233,[[36.          5.33333333] [22.66666667 24.        ]],11_4
3,9,0.689367522571707,0.6932183823709247,[[36.33333333  5.        ] [22.33333333 24.33333333]],11_5
3,9,0.6516560412337242,0.6931753369041505,[[38.66666667  2.66666667] [28.         18.66666667]],16_1
3,9,0.6364619656463902,0.700772739501553,[[36.66666667  4.66666667] [27.33333333 19.33333333]],16_2
3,9,0.6478691408466689,0.7045500403551251,[[37.33333333  4.        ] [27.         19.66666667]],16_3
3,9,0.65544587682325,0.7121366204417052,[[37.          4.33333333] [26.         20.66666667]],16_4
3,9,0.6630651732356498,0.7197340230391078,[[37.          4.33333333] [25.33333333 21.33333333]],16_5
3,9,0.662763336581624,0.7045609851542055,[[37.33333333  4.        ] [25.66666667 21.        ]],21_1
3,9,0.6516570196345477,0.6894198033604814,[[36.66666667  4.66666667] [26.         20.66666667]],21_2
3,9,0.6439535807513336,0.7064441020373223,[[35.          6.33333333] [25.         21.66666667]],21_3
3,9,0.6477414595392124,0.7007835620123756,[[35.          6.33333333] [24.66666667 22.        ]],21_4
3,9,0.6478275588116735,0.6932185046591827,[[35.          6.33333333] [24.66666667 22.        ]],21_5
3,9,0.666637314641964,0.7008267297674078,[[39.          2.33333333] [27.         19.66666667]],26_1
3,9,0.6324583494769469,0.6667350869469514,[[38.66666667  2.66666667] [29.66666667 17.        ]],26_2
3,9,0.6173919551970695,0.6894413260938684,[[37.          4.33333333] [29.33333333 17.33333333]],26_3
3,9,0.6174364724345353,0.6931968596375376,[[36.          5.33333333] [28.33333333 18.33333333]],26_4
3,9,0.6137772533549364,0.6837269180913249,[[35.          6.33333333] [27.66666667 19.        ]],26_5
7,0,0.6892907945539525,1.0,[[13.42857143  4.28571429] [ 7.42857143 12.57142857]],1_1
7,0,0.7116439748018696,1.0,[[13.14285714  4.57142857] [ 6.28571429 13.71428571]],1_2
7,0,0.7116439748018696,1.0,[[13.14285714  4.57142857] [ 6.28571429 13.71428571]],1_3
7,0,0.7116439748018696,1.0,[[13.28571429  4.42857143] [ 6.42857143 13.57142857]],1_4
7,0,0.7192643771591141,1.0,[[13.42857143  4.28571429] [ 6.28571429 13.71428571]],1_5
7,0,0.6738467791099371,0.7323162004266055,[[15.28571429  2.42857143] [ 9.85714286 10.14285714]],6_1
7,0,0.6739483844747003,0.7436747105376009,[[15.28571429  2.42857143] [ 9.85714286 10.14285714]],6_2
7,0,0.6701889859784597,0.7354656181602499,[[15.57142857  2.14285714] [10.28571429  9.71428571]],6_3
7,0,0.6588091851249746,0.7322994926402201,[[15.57142857  2.14285714] [10.71428571  9.28571429]],6_4
7,0,0.655049786628734,0.7373535980217981,[[15.42857143  2.28571429] [10.71428571  9.28571429]],6_5
7,0,0.6701889859784597,0.7165245576613555,[[13.71428571  4.        ] [ 8.42857143 11.57142857]],11_1
7,0,0.6701889859784597,0.7240959695249977,[[14.14285714  3.57142857] [ 8.85714286 11.14285714]],11_2
7,0,0.6474293842714895,0.7342097495502821,[[13.85714286  3.85714286] [ 9.42857143 10.57142857]],11_3
7,0,0.6701889859784597,0.736094944780766,[[14.          3.71428571] [ 8.71428571 11.28571429]],11_4
7,0,0.6740499898394635,0.7285263175481881,[[14.42857143  3.28571429] [ 9.         11.        ]],11_5
7,0,0.681670392196708,0.7114760215419059,[[15.71428571  2.        ] [10.         10.        ]],16_1
7,0,0.662873399715505,0.7158868771476466,[[15.57142857  2.14285714] [10.57142857  9.42857143]],16_2
7,0,0.6665311928469824,0.7114760215419059,[[15.71428571  2.        ] [10.57142857  9.42857143]],16_3
7,0,0.681670392196708,0.7140072511792912,[[15.85714286  1.85714286] [10.14285714  9.85714286]],16_4
7,0,0.6626701889859785,0.7108522641835183,[[15.71428571  2.        ] [10.71428571  9.28571429]],16_5
7,0,0.6780125990652307,0.7121109174245505,[[15.57142857  2.14285714] [10.         10.        ]],21_1
7,0,0.6781142044299939,0.7026431718061674,[[15.42857143  2.28571429] [ 9.85714286 10.14285714]],21_2
7,0,0.6856330014224751,0.7057925895398118,[[15.57142857  2.14285714] [ 9.71428571 10.28571429]],21_3
7,0,0.6857346067872384,0.7146393624308716,[[15.57142857  2.14285714] [ 9.71428571 10.28571429]],21_4
7,0,0.6818736029262346,0.7165356961856124,[[15.42857143  2.28571429] [ 9.71428571 10.28571429]],21_5
7,0,0.6700873806136964,0.6976029895799105,[[16.42857143  1.28571429] [11.14285714  8.85714286]],26_1
7,0,0.6665311928469824,0.6944396486909449,[[16.14285714  1.57142857] [11.          9.        ]],26_2
7,0,0.6626701889859785,0.6982295315693624,[[15.85714286  1.85714286] [10.85714286  9.14285714]],26_3
7,0,0.6627717943507417,0.6957038711941055,[[15.28571429  2.42857143] [10.28571429  9.71428571]],26_4
7,0,0.6552529973582605,0.6931670722945917,[[15.          2.71428571] [10.28571429  9.71428571]],26_5
7,1,0.6892907945539525,1.0,[[13.42857143  4.28571429] [ 7.42857143 12.57142857]],1_1
7,1,0.7116439748018696,1.0,[[13.14285714  4.57142857] [ 6.28571429 13.71428571]],1_2
7,1,0.7116439748018696,1.0,[[13.14285714  4.57142857] [ 6.28571429 13.71428571]],1_3
7,1,0.7116439748018696,1.0,[[13.28571429  4.42857143] [ 6.42857143 13.57142857]],1_4
7,1,0.7192643771591141,1.0,[[13.42857143  4.28571429] [ 6.28571429 13.71428571]],1_5
7,1,0.6738467791099371,0.7323162004266055,[[15.28571429  2.42857143] [ 9.85714286 10.14285714]],6_1
7,1,0.6739483844747003,0.7436747105376009,[[15.28571429  2.42857143] [ 9.85714286 10.14285714]],6_2
7,1,0.6701889859784597,0.7354656181602499,[[15.57142857  2.14285714] [10.28571429  9.71428571]],6_3
7,1,0.6588091851249746,0.7322994926402201,[[15.57142857  2.14285714] [10.71428571  9.28571429]],6_4
7,1,0.655049786628734,0.7373535980217981,[[15.42857143  2.28571429] [10.71428571  9.28571429]],6_5
7,1,0.6701889859784597,0.7165245576613555,[[13.71428571  4.        ] [ 8.42857143 11.57142857]],11_1
7,1,0.6701889859784597,0.7240959695249977,[[14.14285714  3.57142857] [ 8.85714286 11.14285714]],11_2
7,1,0.6474293842714895,0.7342097495502821,[[13.85714286  3.85714286] [ 9.42857143 10.57142857]],11_3
7,1,0.6701889859784597,0.736094944780766,[[14.          3.71428571] [ 8.71428571 11.28571429]],11_4
7,1,0.6740499898394635,0.7285263175481881,[[14.42857143  3.28571429] [ 9.         11.        ]],11_5
7,1,0.681670392196708,0.7114760215419059,[[15.71428571  2.        ] [10.         10.        ]],16_1
7,1,0.662873399715505,0.7158868771476466,[[15.57142857  2.14285714] [10.57142857  9.42857143]],16_2
7,1,0.6665311928469824,0.7114760215419059,[[15.71428571  2.        ] [10.57142857  9.42857143]],16_3
7,1,0.681670392196708,0.7140072511792912,[[15.85714286  1.85714286] [10.14285714  9.85714286]],16_4
7,1,0.6626701889859785,0.7108522641835183,[[15.71428571  2.        ] [10.71428571  9.28571429]],16_5
7,1,0.6780125990652307,0.7121109174245505,[[15.57142857  2.14285714] [10.         10.        ]],21_1
7,1,0.6781142044299939,0.7026431718061674,[[15.42857143  2.28571429] [ 9.85714286 10.14285714]],21_2
7,1,0.6856330014224751,0.7057925895398118,[[15.57142857  2.14285714] [ 9.71428571 10.28571429]],21_3
7,1,0.6857346067872384,0.7146393624308716,[[15.57142857  2.14285714] [ 9.71428571 10.28571429]],21_4
7,1,0.6818736029262346,0.7165356961856124,[[15.42857143  2.28571429] [ 9.71428571 10.28571429]],21_5
7,1,0.6700873806136964,0.6976029895799105,[[16.42857143  1.28571429] [11.14285714  8.85714286]],26_1
7,1,0.6665311928469824,0.6944396486909449,[[16.14285714  1.57142857] [11.          9.        ]],26_2
7,1,0.6626701889859785,0.6982295315693624,[[15.85714286  1.85714286] [10.85714286  9.14285714]],26_3
7,1,0.6627717943507417,0.6957038711941055,[[15.28571429  2.42857143] [10.28571429  9.71428571]],26_4
7,1,0.6552529973582605,0.6931670722945917,[[15.          2.71428571] [10.28571429  9.71428571]],26_5
7,2,0.6892907945539525,1.0,[[13.42857143  4.28571429] [ 7.42857143 12.57142857]],1_1
7,2,0.7116439748018696,1.0,[[13.14285714  4.57142857] [ 6.28571429 13.71428571]],1_2
7,2,0.7116439748018696,1.0,[[13.14285714  4.57142857] [ 6.28571429 13.71428571]],1_3
7,2,0.7116439748018696,1.0,[[13.28571429  4.42857143] [ 6.42857143 13.57142857]],1_4
7,2,0.7192643771591141,1.0,[[13.42857143  4.28571429] [ 6.28571429 13.71428571]],1_5
7,2,0.6738467791099371,0.7323162004266055,[[15.28571429  2.42857143] [ 9.85714286 10.14285714]],6_1
7,2,0.6739483844747003,0.7436747105376009,[[15.28571429  2.42857143] [ 9.85714286 10.14285714]],6_2
7,2,0.6701889859784597,0.7354656181602499,[[15.57142857  2.14285714] [10.28571429  9.71428571]],6_3
7,2,0.6588091851249746,0.7322994926402201,[[15.57142857  2.14285714] [10.71428571  9.28571429]],6_4
7,2,0.655049786628734,0.7373535980217981,[[15.42857143  2.28571429] [10.71428571  9.28571429]],6_5
7,2,0.6701889859784597,0.7165245576613555,[[13.71428571  4.        ] [ 8.42857143 11.57142857]],11_1
7,2,0.6701889859784597,0.7240959695249977,[[14.14285714  3.57142857] [ 8.85714286 11.14285714]],11_2
7,2,0.6474293842714895,0.7342097495502821,[[13.85714286  3.85714286] [ 9.42857143 10.57142857]],11_3
7,2,0.6701889859784597,0.736094944780766,[[14.          3.71428571] [ 8.71428571 11.28571429]],11_4
7,2,0.6740499898394635,0.7285263175481881,[[14.42857143  3.28571429] [ 9.         11.        ]],11_5
7,2,0.681670392196708,0.7114760215419059,[[15.71428571  2.        ] [10.         10.        ]],16_1
7,2,0.662873399715505,0.7158868771476466,[[15.57142857  2.14285714] [10.57142857  9.42857143]],16_2
7,2,0.6665311928469824,0.7114760215419059,[[15.71428571  2.        ] [10.57142857  9.42857143]],16_3
7,2,0.681670392196708,0.7140072511792912,[[15.85714286  1.85714286] [10.14285714  9.85714286]],16_4
7,2,0.6626701889859785,0.7108522641835183,[[15.71428571  2.        ] [10.71428571  9.28571429]],16_5
7,2,0.6780125990652307,0.7121109174245505,[[15.57142857  2.14285714] [10.         10.        ]],21_1
7,2,0.6781142044299939,0.7026431718061674,[[15.42857143  2.28571429] [ 9.85714286 10.14285714]],21_2
7,2,0.6856330014224751,0.7057925895398118,[[15.57142857  2.14285714] [ 9.71428571 10.28571429]],21_3
7,2,0.6857346067872384,0.7146393624308716,[[15.57142857  2.14285714] [ 9.71428571 10.28571429]],21_4
7,2,0.6818736029262346,0.7165356961856124,[[15.42857143  2.28571429] [ 9.71428571 10.28571429]],21_5
7,2,0.6700873806136964,0.6976029895799105,[[16.42857143  1.28571429] [11.14285714  8.85714286]],26_1
7,2,0.6665311928469824,0.6944396486909449,[[16.14285714  1.57142857] [11.          9.        ]],26_2
7,2,0.6626701889859785,0.6982295315693624,[[15.85714286  1.85714286] [10.85714286  9.14285714]],26_3
7,2,0.6627717943507417,0.6957038711941055,[[15.28571429  2.42857143] [10.28571429  9.71428571]],26_4
7,2,0.6552529973582605,0.6931670722945917,[[15.          2.71428571] [10.28571429  9.71428571]],26_5
7,3,0.6892907945539525,1.0,[[13.42857143  4.28571429] [ 7.42857143 12.57142857]],1_1
7,3,0.7116439748018696,1.0,[[13.14285714  4.57142857] [ 6.28571429 13.71428571]],1_2
7,3,0.7116439748018696,1.0,[[13.14285714  4.57142857] [ 6.28571429 13.71428571]],1_3
7,3,0.7116439748018696,1.0,[[13.28571429  4.42857143] [ 6.42857143 13.57142857]],1_4
7,3,0.7192643771591141,1.0,[[13.42857143  4.28571429] [ 6.28571429 13.71428571]],1_5
7,3,0.6738467791099371,0.7323162004266055,[[15.28571429  2.42857143] [ 9.85714286 10.14285714]],6_1
7,3,0.6739483844747003,0.7436747105376009,[[15.28571429  2.42857143] [ 9.85714286 10.14285714]],6_2
7,3,0.6701889859784597,0.7354656181602499,[[15.57142857  2.14285714] [10.28571429  9.71428571]],6_3
7,3,0.6588091851249746,0.7322994926402201,[[15.57142857  2.14285714] [10.71428571  9.28571429]],6_4
7,3,0.655049786628734,0.7373535980217981,[[15.42857143  2.28571429] [10.71428571  9.28571429]],6_5
7,3,0.6701889859784597,0.7165245576613555,[[13.71428571  4.        ] [ 8.42857143 11.57142857]],11_1
7,3,0.6701889859784597,0.7240959695249977,[[14.14285714  3.57142857] [ 8.85714286 11.14285714]],11_2
7,3,0.6474293842714895,0.7342097495502821,[[13.85714286  3.85714286] [ 9.42857143 10.57142857]],11_3
7,3,0.6701889859784597,0.736094944780766,[[14.          3.71428571] [ 8.71428571 11.28571429]],11_4
7,3,0.6740499898394635,0.7285263175481881,[[14.42857143  3.28571429] [ 9.         11.        ]],11_5
7,3,0.681670392196708,0.7114760215419059,[[15.71428571  2.        ] [10.         10.        ]],16_1
7,3,0.662873399715505,0.7158868771476466,[[15.57142857  2.14285714] [10.57142857  9.42857143]],16_2
7,3,0.6665311928469824,0.7114760215419059,[[15.71428571  2.        ] [10.57142857  9.42857143]],16_3
7,3,0.681670392196708,0.7140072511792912,[[15.85714286  1.85714286] [10.14285714  9.85714286]],16_4
7,3,0.6626701889859785,0.7108522641835183,[[15.71428571  2.        ] [10.71428571  9.28571429]],16_5
7,3,0.6780125990652307,0.7121109174245505,[[15.57142857  2.14285714] [10.         10.        ]],21_1
7,3,0.6781142044299939,0.7026431718061674,[[15.42857143  2.28571429] [ 9.85714286 10.14285714]],21_2
7,3,0.6856330014224751,0.7057925895398118,[[15.57142857  2.14285714] [ 9.71428571 10.28571429]],21_3
7,3,0.6857346067872384,0.7146393624308716,[[15.57142857  2.14285714] [ 9.71428571 10.28571429]],21_4
7,3,0.6818736029262346,0.7165356961856124,[[15.42857143  2.28571429] [ 9.71428571 10.28571429]],21_5
7,3,0.6700873806136964,0.6976029895799105,[[16.42857143  1.28571429] [11.14285714  8.85714286]],26_1
7,3,0.6665311928469824,0.6944396486909449,[[16.14285714  1.57142857] [11.          9.        ]],26_2
7,3,0.6626701889859785,0.6982295315693624,[[15.85714286  1.85714286] [10.85714286  9.14285714]],26_3
7,3,0.6627717943507417,0.6957038711941055,[[15.28571429  2.42857143] [10.28571429  9.71428571]],26_4
7,3,0.6552529973582605,0.6931670722945917,[[15.          2.71428571] [10.28571429  9.71428571]],26_5
7,4,0.6892907945539525,1.0,[[13.42857143  4.28571429] [ 7.42857143 12.57142857]],1_1
7,4,0.7116439748018696,1.0,[[13.14285714  4.57142857] [ 6.28571429 13.71428571]],1_2
7,4,0.7116439748018696,1.0,[[13.14285714  4.57142857] [ 6.28571429 13.71428571]],1_3
7,4,0.7116439748018696,1.0,[[13.28571429  4.42857143] [ 6.42857143 13.57142857]],1_4
7,4,0.7192643771591141,1.0,[[13.42857143  4.28571429] [ 6.28571429 13.71428571]],1_5
7,4,0.6738467791099371,0.7323162004266055,[[15.28571429  2.42857143] [ 9.85714286 10.14285714]],6_1
7,4,0.6739483844747003,0.7436747105376009,[[15.28571429  2.42857143] [ 9.85714286 10.14285714]],6_2
7,4,0.6701889859784597,0.7354656181602499,[[15.57142857  2.14285714] [10.28571429  9.71428571]],6_3
7,4,0.6588091851249746,0.7322994926402201,[[15.57142857  2.14285714] [10.71428571  9.28571429]],6_4
7,4,0.655049786628734,0.7373535980217981,[[15.42857143  2.28571429] [10.71428571  9.28571429]],6_5
7,4,0.6701889859784597,0.7165245576613555,[[13.71428571  4.        ] [ 8.42857143 11.57142857]],11_1
7,4,0.6701889859784597,0.7240959695249977,[[14.14285714  3.57142857] [ 8.85714286 11.14285714]],11_2
7,4,0.6474293842714895,0.7342097495502821,[[13.85714286  3.85714286] [ 9.42857143 10.57142857]],11_3
7,4,0.6701889859784597,0.736094944780766,[[14.          3.71428571] [ 8.71428571 11.28571429]],11_4
7,4,0.6740499898394635,0.7285263175481881,[[14.42857143  3.28571429] [ 9.         11.        ]],11_5
7,4,0.681670392196708,0.7114760215419059,[[15.71428571  2.        ] [10.         10.        ]],16_1
7,4,0.662873399715505,0.7158868771476466,[[15.57142857  2.14285714] [10.57142857  9.42857143]],16_2
7,4,0.6665311928469824,0.7114760215419059,[[15.71428571  2.        ] [10.57142857  9.42857143]],16_3
7,4,0.681670392196708,0.7140072511792912,[[15.85714286  1.85714286] [10.14285714  9.85714286]],16_4
7,4,0.6626701889859785,0.7108522641835183,[[15.71428571  2.        ] [10.71428571  9.28571429]],16_5
7,4,0.6780125990652307,0.7121109174245505,[[15.57142857  2.14285714] [10.         10.        ]],21_1
7,4,0.6781142044299939,0.7026431718061674,[[15.42857143  2.28571429] [ 9.85714286 10.14285714]],21_2
7,4,0.6856330014224751,0.7057925895398118,[[15.57142857  2.14285714] [ 9.71428571 10.28571429]],21_3
7,4,0.6857346067872384,0.7146393624308716,[[15.57142857  2.14285714] [ 9.71428571 10.28571429]],21_4
7,4,0.6818736029262346,0.7165356961856124,[[15.42857143  2.28571429] [ 9.71428571 10.28571429]],21_5
7,4,0.6700873806136964,0.6976029895799105,[[16.42857143  1.28571429] [11.14285714  8.85714286]],26_1
7,4,0.6665311928469824,0.6944396486909449,[[16.14285714  1.57142857] [11.          9.        ]],26_2
7,4,0.6626701889859785,0.6982295315693624,[[15.85714286  1.85714286] [10.85714286  9.14285714]],26_3
7,4,0.6627717943507417,0.6957038711941055,[[15.28571429  2.42857143] [10.28571429  9.71428571]],26_4
7,4,0.6552529973582605,0.6931670722945917,[[15.          2.71428571] [10.28571429  9.71428571]],26_5
7,5,0.6892907945539525,1.0,[[13.42857143  4.28571429] [ 7.42857143 12.57142857]],1_1
7,5,0.7116439748018696,1.0,[[13.14285714  4.57142857] [ 6.28571429 13.71428571]],1_2
7,5,0.7116439748018696,1.0,[[13.14285714  4.57142857] [ 6.28571429 13.71428571]],1_3
7,5,0.7116439748018696,1.0,[[13.28571429  4.42857143] [ 6.42857143 13.57142857]],1_4
7,5,0.7192643771591141,1.0,[[13.42857143  4.28571429] [ 6.28571429 13.71428571]],1_5
7,5,0.6738467791099371,0.7323162004266055,[[15.28571429  2.42857143] [ 9.85714286 10.14285714]],6_1
7,5,0.6739483844747003,0.7436747105376009,[[15.28571429  2.42857143] [ 9.85714286 10.14285714]],6_2
7,5,0.6701889859784597,0.7354656181602499,[[15.57142857  2.14285714] [10.28571429  9.71428571]],6_3
7,5,0.6588091851249746,0.7322994926402201,[[15.57142857  2.14285714] [10.71428571  9.28571429]],6_4
7,5,0.655049786628734,0.7373535980217981,[[15.42857143  2.28571429] [10.71428571  9.28571429]],6_5
7,5,0.6701889859784597,0.7165245576613555,[[13.71428571  4.        ] [ 8.42857143 11.57142857]],11_1
7,5,0.6701889859784597,0.7240959695249977,[[14.14285714  3.57142857] [ 8.85714286 11.14285714]],11_2
7,5,0.6474293842714895,0.7342097495502821,[[13.85714286  3.85714286] [ 9.42857143 10.57142857]],11_3
7,5,0.6701889859784597,0.736094944780766,[[14.          3.71428571] [ 8.71428571 11.28571429]],11_4
7,5,0.6740499898394635,0.7285263175481881,[[14.42857143  3.28571429] [ 9.         11.        ]],11_5
7,5,0.681670392196708,0.7114760215419059,[[15.71428571  2.        ] [10.         10.        ]],16_1
7,5,0.662873399715505,0.7158868771476466,[[15.57142857  2.14285714] [10.57142857  9.42857143]],16_2
7,5,0.6665311928469824,0.7114760215419059,[[15.71428571  2.        ] [10.57142857  9.42857143]],16_3
7,5,0.681670392196708,0.7140072511792912,[[15.85714286  1.85714286] [10.14285714  9.85714286]],16_4
7,5,0.6626701889859785,0.7108522641835183,[[15.71428571  2.        ] [10.71428571  9.28571429]],16_5
7,5,0.6780125990652307,0.7121109174245505,[[15.57142857  2.14285714] [10.         10.        ]],21_1
7,5,0.6781142044299939,0.7026431718061674,[[15.42857143  2.28571429] [ 9.85714286 10.14285714]],21_2
7,5,0.6856330014224751,0.7057925895398118,[[15.57142857  2.14285714] [ 9.71428571 10.28571429]],21_3
7,5,0.6857346067872384,0.7146393624308716,[[15.57142857  2.14285714] [ 9.71428571 10.28571429]],21_4
7,5,0.6818736029262346,0.7165356961856124,[[15.42857143  2.28571429] [ 9.71428571 10.28571429]],21_5
7,5,0.6700873806136964,0.6976029895799105,[[16.42857143  1.28571429] [11.14285714  8.85714286]],26_1
7,5,0.6665311928469824,0.6944396486909449,[[16.14285714  1.57142857] [11.          9.        ]],26_2
7,5,0.6626701889859785,0.6982295315693624,[[15.85714286  1.85714286] [10.85714286  9.14285714]],26_3
7,5,0.6627717943507417,0.6957038711941055,[[15.28571429  2.42857143] [10.28571429  9.71428571]],26_4
7,5,0.6552529973582605,0.6931670722945917,[[15.          2.71428571] [10.28571429  9.71428571]],26_5
7,6,0.6892907945539525,1.0,[[13.42857143  4.28571429] [ 7.42857143 12.57142857]],1_1
7,6,0.7116439748018696,1.0,[[13.14285714  4.57142857] [ 6.28571429 13.71428571]],1_2
7,6,0.7116439748018696,1.0,[[13.14285714  4.57142857] [ 6.28571429 13.71428571]],1_3
7,6,0.7116439748018696,1.0,[[13.28571429  4.42857143] [ 6.42857143 13.57142857]],1_4
7,6,0.7192643771591141,1.0,[[13.42857143  4.28571429] [ 6.28571429 13.71428571]],1_5
7,6,0.6738467791099371,0.7323162004266055,[[15.28571429  2.42857143] [ 9.85714286 10.14285714]],6_1
7,6,0.6739483844747003,0.7436747105376009,[[15.28571429  2.42857143] [ 9.85714286 10.14285714]],6_2
7,6,0.6701889859784597,0.7354656181602499,[[15.57142857  2.14285714] [10.28571429  9.71428571]],6_3
7,6,0.6588091851249746,0.7322994926402201,[[15.57142857  2.14285714] [10.71428571  9.28571429]],6_4
7,6,0.655049786628734,0.7373535980217981,[[15.42857143  2.28571429] [10.71428571  9.28571429]],6_5
7,6,0.6701889859784597,0.7165245576613555,[[13.71428571  4.        ] [ 8.42857143 11.57142857]],11_1
7,6,0.6701889859784597,0.7240959695249977,[[14.14285714  3.57142857] [ 8.85714286 11.14285714]],11_2
7,6,0.6474293842714895,0.7342097495502821,[[13.85714286  3.85714286] [ 9.42857143 10.57142857]],11_3
7,6,0.6701889859784597,0.736094944780766,[[14.          3.71428571] [ 8.71428571 11.28571429]],11_4
7,6,0.6740499898394635,0.7285263175481881,[[14.42857143  3.28571429] [ 9.         11.        ]],11_5
7,6,0.681670392196708,0.7114760215419059,[[15.71428571  2.        ] [10.         10.        ]],16_1
7,6,0.662873399715505,0.7158868771476466,[[15.57142857  2.14285714] [10.57142857  9.42857143]],16_2
7,6,0.6665311928469824,0.7114760215419059,[[15.71428571  2.        ] [10.57142857  9.42857143]],16_3
7,6,0.681670392196708,0.7140072511792912,[[15.85714286  1.85714286] [10.14285714  9.85714286]],16_4
7,6,0.6626701889859785,0.7108522641835183,[[15.71428571  2.        ] [10.71428571  9.28571429]],16_5
7,6,0.6780125990652307,0.7121109174245505,[[15.57142857  2.14285714] [10.         10.        ]],21_1
7,6,0.6781142044299939,0.7026431718061674,[[15.42857143  2.28571429] [ 9.85714286 10.14285714]],21_2
7,6,0.6856330014224751,0.7057925895398118,[[15.57142857  2.14285714] [ 9.71428571 10.28571429]],21_3
7,6,0.6857346067872384,0.7146393624308716,[[15.57142857  2.14285714] [ 9.71428571 10.28571429]],21_4
7,6,0.6818736029262346,0.7165356961856124,[[15.42857143  2.28571429] [ 9.71428571 10.28571429]],21_5
7,6,0.6700873806136964,0.6976029895799105,[[16.42857143  1.28571429] [11.14285714  8.85714286]],26_1
7,6,0.6665311928469824,0.6944396486909449,[[16.14285714  1.57142857] [11.          9.        ]],26_2
7,6,0.6626701889859785,0.6982295315693624,[[15.85714286  1.85714286] [10.85714286  9.14285714]],26_3
7,6,0.6627717943507417,0.6957038711941055,[[15.28571429  2.42857143] [10.28571429  9.71428571]],26_4
7,6,0.6552529973582605,0.6931670722945917,[[15.          2.71428571] [10.28571429  9.71428571]],26_5
7,7,0.6892907945539525,1.0,[[13.42857143  4.28571429] [ 7.42857143 12.57142857]],1_1
7,7,0.7116439748018696,1.0,[[13.14285714  4.57142857] [ 6.28571429 13.71428571]],1_2
7,7,0.7116439748018696,1.0,[[13.14285714  4.57142857] [ 6.28571429 13.71428571]],1_3
7,7,0.7116439748018696,1.0,[[13.28571429  4.42857143] [ 6.42857143 13.57142857]],1_4
7,7,0.7192643771591141,1.0,[[13.42857143  4.28571429] [ 6.28571429 13.71428571]],1_5
7,7,0.6738467791099371,0.7323162004266055,[[15.28571429  2.42857143] [ 9.85714286 10.14285714]],6_1
7,7,0.6739483844747003,0.7436747105376009,[[15.28571429  2.42857143] [ 9.85714286 10.14285714]],6_2
7,7,0.6701889859784597,0.7354656181602499,[[15.57142857  2.14285714] [10.28571429  9.71428571]],6_3
7,7,0.6588091851249746,0.7322994926402201,[[15.57142857  2.14285714] [10.71428571  9.28571429]],6_4
7,7,0.655049786628734,0.7373535980217981,[[15.42857143  2.28571429] [10.71428571  9.28571429]],6_5
7,7,0.6701889859784597,0.7165245576613555,[[13.71428571  4.        ] [ 8.42857143 11.57142857]],11_1
7,7,0.6701889859784597,0.7240959695249977,[[14.14285714  3.57142857] [ 8.85714286 11.14285714]],11_2
7,7,0.6474293842714895,0.7342097495502821,[[13.85714286  3.85714286] [ 9.42857143 10.57142857]],11_3
7,7,0.6701889859784597,0.736094944780766,[[14.          3.71428571] [ 8.71428571 11.28571429]],11_4
7,7,0.6740499898394635,0.7285263175481881,[[14.42857143  3.28571429] [ 9.         11.        ]],11_5
7,7,0.681670392196708,0.7114760215419059,[[15.71428571  2.        ] [10.         10.        ]],16_1
7,7,0.662873399715505,0.7158868771476466,[[15.57142857  2.14285714] [10.57142857  9.42857143]],16_2
7,7,0.6665311928469824,0.7114760215419059,[[15.71428571  2.        ] [10.57142857  9.42857143]],16_3
7,7,0.681670392196708,0.7140072511792912,[[15.85714286  1.85714286] [10.14285714  9.85714286]],16_4
7,7,0.6626701889859785,0.7108522641835183,[[15.71428571  2.        ] [10.71428571  9.28571429]],16_5
7,7,0.6780125990652307,0.7121109174245505,[[15.57142857  2.14285714] [10.         10.        ]],21_1
7,7,0.6781142044299939,0.7026431718061674,[[15.42857143  2.28571429] [ 9.85714286 10.14285714]],21_2
7,7,0.6856330014224751,0.7057925895398118,[[15.57142857  2.14285714] [ 9.71428571 10.28571429]],21_3
7,7,0.6857346067872384,0.7146393624308716,[[15.57142857  2.14285714] [ 9.71428571 10.28571429]],21_4
7,7,0.6818736029262346,0.7165356961856124,[[15.42857143  2.28571429] [ 9.71428571 10.28571429]],21_5
7,7,0.6700873806136964,0.6976029895799105,[[16.42857143  1.28571429] [11.14285714  8.85714286]],26_1
7,7,0.6665311928469824,0.6944396486909449,[[16.14285714  1.57142857] [11.          9.        ]],26_2
7,7,0.6626701889859785,0.6982295315693624,[[15.85714286  1.85714286] [10.85714286  9.14285714]],26_3
7,7,0.6627717943507417,0.6957038711941055,[[15.28571429  2.42857143] [10.28571429  9.71428571]],26_4
7,7,0.6552529973582605,0.6931670722945917,[[15.          2.71428571] [10.28571429  9.71428571]],26_5
7,8,0.6892907945539525,1.0,[[13.42857143  4.28571429] [ 7.42857143 12.57142857]],1_1
7,8,0.7116439748018696,1.0,[[13.14285714  4.57142857] [ 6.28571429 13.71428571]],1_2
7,8,0.7116439748018696,1.0,[[13.14285714  4.57142857] [ 6.28571429 13.71428571]],1_3
7,8,0.7116439748018696,1.0,[[13.28571429  4.42857143] [ 6.42857143 13.57142857]],1_4
7,8,0.7192643771591141,1.0,[[13.42857143  4.28571429] [ 6.28571429 13.71428571]],1_5
7,8,0.6738467791099371,0.7323162004266055,[[15.28571429  2.42857143] [ 9.85714286 10.14285714]],6_1
7,8,0.6739483844747003,0.7436747105376009,[[15.28571429  2.42857143] [ 9.85714286 10.14285714]],6_2
7,8,0.6701889859784597,0.7354656181602499,[[15.57142857  2.14285714] [10.28571429  9.71428571]],6_3
7,8,0.6588091851249746,0.7322994926402201,[[15.57142857  2.14285714] [10.71428571  9.28571429]],6_4
7,8,0.655049786628734,0.7373535980217981,[[15.42857143  2.28571429] [10.71428571  9.28571429]],6_5
7,8,0.6701889859784597,0.7165245576613555,[[13.71428571  4.        ] [ 8.42857143 11.57142857]],11_1
7,8,0.6701889859784597,0.7240959695249977,[[14.14285714  3.57142857] [ 8.85714286 11.14285714]],11_2
7,8,0.6474293842714895,0.7342097495502821,[[13.85714286  3.85714286] [ 9.42857143 10.57142857]],11_3
7,8,0.6701889859784597,0.736094944780766,[[14.          3.71428571] [ 8.71428571 11.28571429]],11_4
7,8,0.6740499898394635,0.7285263175481881,[[14.42857143  3.28571429] [ 9.         11.        ]],11_5
7,8,0.681670392196708,0.7114760215419059,[[15.71428571  2.        ] [10.         10.        ]],16_1
7,8,0.662873399715505,0.7158868771476466,[[15.57142857  2.14285714] [10.57142857  9.42857143]],16_2
7,8,0.6665311928469824,0.7114760215419059,[[15.71428571  2.        ] [10.57142857  9.42857143]],16_3
7,8,0.681670392196708,0.7140072511792912,[[15.85714286  1.85714286] [10.14285714  9.85714286]],16_4
7,8,0.6626701889859785,0.7108522641835183,[[15.71428571  2.        ] [10.71428571  9.28571429]],16_5
7,8,0.6780125990652307,0.7121109174245505,[[15.57142857  2.14285714] [10.         10.        ]],21_1
7,8,0.6781142044299939,0.7026431718061674,[[15.42857143  2.28571429] [ 9.85714286 10.14285714]],21_2
7,8,0.6856330014224751,0.7057925895398118,[[15.57142857  2.14285714] [ 9.71428571 10.28571429]],21_3
7,8,0.6857346067872384,0.7146393624308716,[[15.57142857  2.14285714] [ 9.71428571 10.28571429]],21_4
7,8,0.6818736029262346,0.7165356961856124,[[15.42857143  2.28571429] [ 9.71428571 10.28571429]],21_5
7,8,0.6700873806136964,0.6976029895799105,[[16.42857143  1.28571429] [11.14285714  8.85714286]],26_1
7,8,0.6665311928469824,0.6944396486909449,[[16.14285714  1.57142857] [11.          9.        ]],26_2
7,8,0.6626701889859785,0.6982295315693624,[[15.85714286  1.85714286] [10.85714286  9.14285714]],26_3
7,8,0.6627717943507417,0.6957038711941055,[[15.28571429  2.42857143] [10.28571429  9.71428571]],26_4
7,8,0.6552529973582605,0.6931670722945917,[[15.          2.71428571] [10.28571429  9.71428571]],26_5
7,9,0.6892907945539525,1.0,[[13.42857143  4.28571429] [ 7.42857143 12.57142857]],1_1
7,9,0.7116439748018696,1.0,[[13.14285714  4.57142857] [ 6.28571429 13.71428571]],1_2
7,9,0.7116439748018696,1.0,[[13.14285714  4.57142857] [ 6.28571429 13.71428571]],1_3
7,9,0.7116439748018696,1.0,[[13.28571429  4.42857143] [ 6.42857143 13.57142857]],1_4
7,9,0.7192643771591141,1.0,[[13.42857143  4.28571429] [ 6.28571429 13.71428571]],1_5
7,9,0.6738467791099371,0.7323162004266055,[[15.28571429  2.42857143] [ 9.85714286 10.14285714]],6_1
7,9,0.6739483844747003,0.7436747105376009,[[15.28571429  2.42857143] [ 9.85714286 10.14285714]],6_2
7,9,0.6701889859784597,0.7354656181602499,[[15.57142857  2.14285714] [10.28571429  9.71428571]],6_3
7,9,0.6588091851249746,0.7322994926402201,[[15.57142857  2.14285714] [10.71428571  9.28571429]],6_4
7,9,0.655049786628734,0.7373535980217981,[[15.42857143  2.28571429] [10.71428571  9.28571429]],6_5
7,9,0.6701889859784597,0.7165245576613555,[[13.71428571  4.        ] [ 8.42857143 11.57142857]],11_1
7,9,0.6701889859784597,0.7240959695249977,[[14.14285714  3.57142857] [ 8.85714286 11.14285714]],11_2
7,9,0.6474293842714895,0.7342097495502821,[[13.85714286  3.85714286] [ 9.42857143 10.57142857]],11_3
7,9,0.6701889859784597,0.736094944780766,[[14.          3.71428571] [ 8.71428571 11.28571429]],11_4
7,9,0.6740499898394635,0.7285263175481881,[[14.42857143  3.28571429] [ 9.         11.        ]],11_5
7,9,0.681670392196708,0.7114760215419059,[[15.71428571  2.        ] [10.         10.        ]],16_1
7,9,0.662873399715505,0.7158868771476466,[[15.57142857  2.14285714] [10.57142857  9.42857143]],16_2
7,9,0.6665311928469824,0.7114760215419059,[[15.71428571  2.        ] [10.57142857  9.42857143]],16_3
7,9,0.681670392196708,0.7140072511792912,[[15.85714286  1.85714286] [10.14285714  9.85714286]],16_4
7,9,0.6626701889859785,0.7108522641835183,[[15.71428571  2.        ] [10.71428571  9.28571429]],16_5
7,9,0.6780125990652307,0.7121109174245505,[[15.57142857  2.14285714] [10.         10.        ]],21_1
7,9,0.6781142044299939,0.7026431718061674,[[15.42857143  2.28571429] [ 9.85714286 10.14285714]],21_2
7,9,0.6856330014224751,0.7057925895398118,[[15.57142857  2.14285714] [ 9.71428571 10.28571429]],21_3
7,9,0.6857346067872384,0.7146393624308716,[[15.57142857  2.14285714] [ 9.71428571 10.28571429]],21_4
7,9,0.6818736029262346,0.7165356961856124,[[15.42857143  2.28571429] [ 9.71428571 10.28571429]],21_5
7,9,0.6700873806136964,0.6976029895799105,[[16.42857143  1.28571429] [11.14285714  8.85714286]],26_1
7,9,0.6665311928469824,0.6944396486909449,[[16.14285714  1.57142857] [11.          9.        ]],26_2
7,9,0.6626701889859785,0.6982295315693624,[[15.85714286  1.85714286] [10.85714286  9.14285714]],26_3
7,9,0.6627717943507417,0.6957038711941055,[[15.28571429  2.42857143] [10.28571429  9.71428571]],26_4
7,9,0.6552529973582605,0.6931670722945917,[[15.          2.71428571] [10.28571429  9.71428571]],26_5
10,0,0.6827635327635327,1.0,[[9.5 2.9] [5.5 8.5]],1_1
10,0,0.7052706552706552,1.0,[[9.1 3.3] [4.5 9.5]],1_2
10,0,0.708974358974359,1.0,[[9.2 3.2] [4.5 9.5]],1_3
10,0,0.708974358974359,1.0,[[9.3 3.1] [4.6 9.4]],1_4
10,0,0.7128205128205128,1.0,[[9.3 3.1] [4.5 9.5]],1_5
10,0,0.6774928774928775,0.7302201893415594,[[11.   1.4] [ 7.1  6.9]],6_1
10,0,0.6665242165242166,0.741582455767117,[[10.5  1.9] [ 6.9  7.1]],6_2
10,0,0.666951566951567,0.7348455838031416,[[10.8  1.6] [ 7.2  6.8]],6_3
10,0,0.6517094017094017,0.7335726695741588,[[10.7  1.7] [ 7.5  6.5]],6_4
10,0,0.6514245014245015,0.7403130872602206,[[10.8  1.6] [ 7.6  6.4]],6_5
10,0,0.6896011396011397,0.7268499804985286,[[10.1  2.3] [ 5.9  8.1]],11_1
10,0,0.6508547008547009,0.7264138566819133,[[9.5 2.9] [6.3 7.7]],11_2
10,0,0.665954415954416,0.7306332659646136,[[9.8 2.6] [6.2 7.8]],11_3
10,0,0.6813390313390313,0.72979292983016,[[10.   2.4] [ 6.   8. ]],11_4
10,0,0.6811965811965812,0.7264280395702585,[[10.   2.4] [ 6.   8. ]],11_5
10,0,0.674074074074074,0.7100007091444173,[[10.9  1.5] [ 7.1  6.9]],16_1
10,0,0.6967236467236467,0.7180034038932028,[[11.3  1.1] [ 6.9  7.1]],16_2
10,0,0.685042735042735,0.7188490586107861,[[11.3  1.1] [ 7.2  6.8]],16_3
10,0,0.6776353276353276,0.7180104953373755,[[11.2  1.2] [ 7.3  6.7]],16_4
10,0,0.6774928774928775,0.7150675460057441,[[11.2  1.2] [ 7.3  6.7]],16_5
10,0,0.6893162393162393,0.7192745452611424,[[11.2  1.2] [ 7.   7. ]],21_1
10,0,0.6780626780626781,0.7028489876963444,[[10.8  1.6] [ 6.9  7.1]],21_2
10,0,0.6856125356125355,0.7129542956423076,[[10.9  1.5] [ 6.8  7.2]],21_3
10,0,0.6931623931623931,0.7209569903910932,[[11.   1.4] [ 6.7  7.3]],21_4
10,0,0.6928774928774929,0.7167535368577811,[[11.   1.4] [ 6.7  7.3]],21_5
10,0,0.6776353276353276,0.698220047512676,[[11.5  0.9] [ 7.6  6.4]],26_1
10,0,0.6814814814814815,0.6982306846789349,[[11.3  1.1] [ 7.3  6.7]],26_2
10,0,0.6777777777777778,0.7036999609970571,[[11.3  1.1] [ 7.4  6.6]],26_3
10,0,0.6703703703703704,0.7020139701450201,[[11.3  1.1] [ 7.6  6.4]],26_4
10,0,0.6626780626780626,0.70074814736021,[[11.1  1.3] [ 7.6  6.4]],26_5
10,1,0.6827635327635327,1.0,[[9.5 2.9] [5.5 8.5]],1_1
10,1,0.7052706552706552,1.0,[[9.1 3.3] [4.5 9.5]],1_2
10,1,0.708974358974359,1.0,[[9.2 3.2] [4.5 9.5]],1_3
10,1,0.708974358974359,1.0,[[9.3 3.1] [4.6 9.4]],1_4
10,1,0.7128205128205128,1.0,[[9.3 3.1] [4.5 9.5]],1_5
10,1,0.6774928774928775,0.7302201893415594,[[11.   1.4] [ 7.1  6.9]],6_1
10,1,0.6665242165242166,0.741582455767117,[[10.5  1.9] [ 6.9  7.1]],6_2
10,1,0.666951566951567,0.7348455838031416,[[10.8  1.6] [ 7.2  6.8]],6_3
10,1,0.6517094017094017,0.7335726695741588,[[10.7  1.7] [ 7.5  6.5]],6_4
10,1,0.6514245014245015,0.7403130872602206,[[10.8  1.6] [ 7.6  6.4]],6_5
10,1,0.6896011396011397,0.7268499804985286,[[10.1  2.3] [ 5.9  8.1]],11_1
10,1,0.6508547008547009,0.7264138566819133,[[9.5 2.9] [6.3 7.7]],11_2
10,1,0.665954415954416,0.7306332659646136,[[9.8 2.6] [6.2 7.8]],11_3
10,1,0.6813390313390313,0.72979292983016,[[10.   2.4] [ 6.   8. ]],11_4
10,1,0.6811965811965812,0.7264280395702585,[[10.   2.4] [ 6.   8. ]],11_5
10,1,0.674074074074074,0.7100007091444173,[[10.9  1.5] [ 7.1  6.9]],16_1
10,1,0.6967236467236467,0.7180034038932028,[[11.3  1.1] [ 6.9  7.1]],16_2
10,1,0.685042735042735,0.7188490586107861,[[11.3  1.1] [ 7.2  6.8]],16_3
10,1,0.6776353276353276,0.7180104953373755,[[11.2  1.2] [ 7.3  6.7]],16_4
10,1,0.6774928774928775,0.7150675460057441,[[11.2  1.2] [ 7.3  6.7]],16_5
10,1,0.6893162393162393,0.7192745452611424,[[11.2  1.2] [ 7.   7. ]],21_1
10,1,0.6780626780626781,0.7028489876963444,[[10.8  1.6] [ 6.9  7.1]],21_2
10,1,0.6856125356125355,0.7129542956423076,[[10.9  1.5] [ 6.8  7.2]],21_3
10,1,0.6931623931623931,0.7209569903910932,[[11.   1.4] [ 6.7  7.3]],21_4
10,1,0.6928774928774929,0.7167535368577811,[[11.   1.4] [ 6.7  7.3]],21_5
10,1,0.6776353276353276,0.698220047512676,[[11.5  0.9] [ 7.6  6.4]],26_1
10,1,0.6814814814814815,0.6982306846789349,[[11.3  1.1] [ 7.3  6.7]],26_2
10,1,0.6777777777777778,0.7036999609970571,[[11.3  1.1] [ 7.4  6.6]],26_3
10,1,0.6703703703703704,0.7020139701450201,[[11.3  1.1] [ 7.6  6.4]],26_4
10,1,0.6626780626780626,0.70074814736021,[[11.1  1.3] [ 7.6  6.4]],26_5
10,2,0.6827635327635327,1.0,[[9.5 2.9] [5.5 8.5]],1_1
10,2,0.7052706552706552,1.0,[[9.1 3.3] [4.5 9.5]],1_2
10,2,0.708974358974359,1.0,[[9.2 3.2] [4.5 9.5]],1_3
10,2,0.708974358974359,1.0,[[9.3 3.1] [4.6 9.4]],1_4
10,2,0.7128205128205128,1.0,[[9.3 3.1] [4.5 9.5]],1_5
10,2,0.6774928774928775,0.7302201893415594,[[11.   1.4] [ 7.1  6.9]],6_1
10,2,0.6665242165242166,0.741582455767117,[[10.5  1.9] [ 6.9  7.1]],6_2
10,2,0.666951566951567,0.7348455838031416,[[10.8  1.6] [ 7.2  6.8]],6_3
10,2,0.6517094017094017,0.7335726695741588,[[10.7  1.7] [ 7.5  6.5]],6_4
10,2,0.6514245014245015,0.7403130872602206,[[10.8  1.6] [ 7.6  6.4]],6_5
10,2,0.6896011396011397,0.7268499804985286,[[10.1  2.3] [ 5.9  8.1]],11_1
10,2,0.6508547008547009,0.7264138566819133,[[9.5 2.9] [6.3 7.7]],11_2
10,2,0.665954415954416,0.7306332659646136,[[9.8 2.6] [6.2 7.8]],11_3
10,2,0.6813390313390313,0.72979292983016,[[10.   2.4] [ 6.   8. ]],11_4
10,2,0.6811965811965812,0.7264280395702585,[[10.   2.4] [ 6.   8. ]],11_5
10,2,0.674074074074074,0.7100007091444173,[[10.9  1.5] [ 7.1  6.9]],16_1
10,2,0.6967236467236467,0.7180034038932028,[[11.3  1.1] [ 6.9  7.1]],16_2
10,2,0.685042735042735,0.7188490586107861,[[11.3  1.1] [ 7.2  6.8]],16_3
10,2,0.6776353276353276,0.7180104953373755,[[11.2  1.2] [ 7.3  6.7]],16_4
10,2,0.6774928774928775,0.7150675460057441,[[11.2  1.2] [ 7.3  6.7]],16_5
10,2,0.6893162393162393,0.7192745452611424,[[11.2  1.2] [ 7.   7. ]],21_1
10,2,0.6780626780626781,0.7028489876963444,[[10.8  1.6] [ 6.9  7.1]],21_2
10,2,0.6856125356125355,0.7129542956423076,[[10.9  1.5] [ 6.8  7.2]],21_3
10,2,0.6931623931623931,0.7209569903910932,[[11.   1.4] [ 6.7  7.3]],21_4
10,2,0.6928774928774929,0.7167535368577811,[[11.   1.4] [ 6.7  7.3]],21_5
10,2,0.6776353276353276,0.698220047512676,[[11.5  0.9] [ 7.6  6.4]],26_1
10,2,0.6814814814814815,0.6982306846789349,[[11.3  1.1] [ 7.3  6.7]],26_2
10,2,0.6777777777777778,0.7036999609970571,[[11.3  1.1] [ 7.4  6.6]],26_3
10,2,0.6703703703703704,0.7020139701450201,[[11.3  1.1] [ 7.6  6.4]],26_4
10,2,0.6626780626780626,0.70074814736021,[[11.1  1.3] [ 7.6  6.4]],26_5
10,3,0.6827635327635327,1.0,[[9.5 2.9] [5.5 8.5]],1_1
10,3,0.7052706552706552,1.0,[[9.1 3.3] [4.5 9.5]],1_2
10,3,0.708974358974359,1.0,[[9.2 3.2] [4.5 9.5]],1_3
10,3,0.708974358974359,1.0,[[9.3 3.1] [4.6 9.4]],1_4
10,3,0.7128205128205128,1.0,[[9.3 3.1] [4.5 9.5]],1_5
10,3,0.6774928774928775,0.7302201893415594,[[11.   1.4] [ 7.1  6.9]],6_1
10,3,0.6665242165242166,0.741582455767117,[[10.5  1.9] [ 6.9  7.1]],6_2
10,3,0.666951566951567,0.7348455838031416,[[10.8  1.6] [ 7.2  6.8]],6_3
10,3,0.6517094017094017,0.7335726695741588,[[10.7  1.7] [ 7.5  6.5]],6_4
10,3,0.6514245014245015,0.7403130872602206,[[10.8  1.6] [ 7.6  6.4]],6_5
10,3,0.6896011396011397,0.7268499804985286,[[10.1  2.3] [ 5.9  8.1]],11_1
10,3,0.6508547008547009,0.7264138566819133,[[9.5 2.9] [6.3 7.7]],11_2
10,3,0.665954415954416,0.7306332659646136,[[9.8 2.6] [6.2 7.8]],11_3
10,3,0.6813390313390313,0.72979292983016,[[10.   2.4] [ 6.   8. ]],11_4
10,3,0.6811965811965812,0.7264280395702585,[[10.   2.4] [ 6.   8. ]],11_5
10,3,0.674074074074074,0.7100007091444173,[[10.9  1.5] [ 7.1  6.9]],16_1
10,3,0.6967236467236467,0.7180034038932028,[[11.3  1.1] [ 6.9  7.1]],16_2
10,3,0.685042735042735,0.7188490586107861,[[11.3  1.1] [ 7.2  6.8]],16_3
10,3,0.6776353276353276,0.7180104953373755,[[11.2  1.2] [ 7.3  6.7]],16_4
10,3,0.6774928774928775,0.7150675460057441,[[11.2  1.2] [ 7.3  6.7]],16_5
10,3,0.6893162393162393,0.7192745452611424,[[11.2  1.2] [ 7.   7. ]],21_1
10,3,0.6780626780626781,0.7028489876963444,[[10.8  1.6] [ 6.9  7.1]],21_2
10,3,0.6856125356125355,0.7129542956423076,[[10.9  1.5] [ 6.8  7.2]],21_3
10,3,0.6931623931623931,0.7209569903910932,[[11.   1.4] [ 6.7  7.3]],21_4
10,3,0.6928774928774929,0.7167535368577811,[[11.   1.4] [ 6.7  7.3]],21_5
10,3,0.6776353276353276,0.698220047512676,[[11.5  0.9] [ 7.6  6.4]],26_1
10,3,0.6814814814814815,0.6982306846789349,[[11.3  1.1] [ 7.3  6.7]],26_2
10,3,0.6777777777777778,0.7036999609970571,[[11.3  1.1] [ 7.4  6.6]],26_3
10,3,0.6703703703703704,0.7020139701450201,[[11.3  1.1] [ 7.6  6.4]],26_4
10,3,0.6626780626780626,0.70074814736021,[[11.1  1.3] [ 7.6  6.4]],26_5
10,4,0.6827635327635327,1.0,[[9.5 2.9] [5.5 8.5]],1_1
10,4,0.7052706552706552,1.0,[[9.1 3.3] [4.5 9.5]],1_2
10,4,0.708974358974359,1.0,[[9.2 3.2] [4.5 9.5]],1_3
10,4,0.708974358974359,1.0,[[9.3 3.1] [4.6 9.4]],1_4
10,4,0.7128205128205128,1.0,[[9.3 3.1] [4.5 9.5]],1_5
10,4,0.6774928774928775,0.7302201893415594,[[11.   1.4] [ 7.1  6.9]],6_1
10,4,0.6665242165242166,0.741582455767117,[[10.5  1.9] [ 6.9  7.1]],6_2
10,4,0.666951566951567,0.7348455838031416,[[10.8  1.6] [ 7.2  6.8]],6_3
10,4,0.6517094017094017,0.7335726695741588,[[10.7  1.7] [ 7.5  6.5]],6_4
10,4,0.6514245014245015,0.7403130872602206,[[10.8  1.6] [ 7.6  6.4]],6_5
10,4,0.6896011396011397,0.7268499804985286,[[10.1  2.3] [ 5.9  8.1]],11_1
10,4,0.6508547008547009,0.7264138566819133,[[9.5 2.9] [6.3 7.7]],11_2
10,4,0.665954415954416,0.7306332659646136,[[9.8 2.6] [6.2 7.8]],11_3
10,4,0.6813390313390313,0.72979292983016,[[10.   2.4] [ 6.   8. ]],11_4
10,4,0.6811965811965812,0.7264280395702585,[[10.   2.4] [ 6.   8. ]],11_5
10,4,0.674074074074074,0.7100007091444173,[[10.9  1.5] [ 7.1  6.9]],16_1
10,4,0.6967236467236467,0.7180034038932028,[[11.3  1.1] [ 6.9  7.1]],16_2
10,4,0.685042735042735,0.7188490586107861,[[11.3  1.1] [ 7.2  6.8]],16_3
10,4,0.6776353276353276,0.7180104953373755,[[11.2  1.2] [ 7.3  6.7]],16_4
10,4,0.6774928774928775,0.7150675460057441,[[11.2  1.2] [ 7.3  6.7]],16_5
10,4,0.6893162393162393,0.7192745452611424,[[11.2  1.2] [ 7.   7. ]],21_1
10,4,0.6780626780626781,0.7028489876963444,[[10.8  1.6] [ 6.9  7.1]],21_2
10,4,0.6856125356125355,0.7129542956423076,[[10.9  1.5] [ 6.8  7.2]],21_3
10,4,0.6931623931623931,0.7209569903910932,[[11.   1.4] [ 6.7  7.3]],21_4
10,4,0.6928774928774929,0.7167535368577811,[[11.   1.4] [ 6.7  7.3]],21_5
10,4,0.6776353276353276,0.698220047512676,[[11.5  0.9] [ 7.6  6.4]],26_1
10,4,0.6814814814814815,0.6982306846789349,[[11.3  1.1] [ 7.3  6.7]],26_2
10,4,0.6777777777777778,0.7036999609970571,[[11.3  1.1] [ 7.4  6.6]],26_3
10,4,0.6703703703703704,0.7020139701450201,[[11.3  1.1] [ 7.6  6.4]],26_4
10,4,0.6626780626780626,0.70074814736021,[[11.1  1.3] [ 7.6  6.4]],26_5
10,5,0.6827635327635327,1.0,[[9.5 2.9] [5.5 8.5]],1_1
10,5,0.7052706552706552,1.0,[[9.1 3.3] [4.5 9.5]],1_2
10,5,0.708974358974359,1.0,[[9.2 3.2] [4.5 9.5]],1_3
10,5,0.708974358974359,1.0,[[9.3 3.1] [4.6 9.4]],1_4
10,5,0.7128205128205128,1.0,[[9.3 3.1] [4.5 9.5]],1_5
10,5,0.6774928774928775,0.7302201893415594,[[11.   1.4] [ 7.1  6.9]],6_1
10,5,0.6665242165242166,0.741582455767117,[[10.5  1.9] [ 6.9  7.1]],6_2
10,5,0.666951566951567,0.7348455838031416,[[10.8  1.6] [ 7.2  6.8]],6_3
10,5,0.6517094017094017,0.7335726695741588,[[10.7  1.7] [ 7.5  6.5]],6_4
10,5,0.6514245014245015,0.7403130872602206,[[10.8  1.6] [ 7.6  6.4]],6_5
10,5,0.6896011396011397,0.7268499804985286,[[10.1  2.3] [ 5.9  8.1]],11_1
10,5,0.6508547008547009,0.7264138566819133,[[9.5 2.9] [6.3 7.7]],11_2
10,5,0.665954415954416,0.7306332659646136,[[9.8 2.6] [6.2 7.8]],11_3
10,5,0.6813390313390313,0.72979292983016,[[10.   2.4] [ 6.   8. ]],11_4
10,5,0.6811965811965812,0.7264280395702585,[[10.   2.4] [ 6.   8. ]],11_5
10,5,0.674074074074074,0.7100007091444173,[[10.9  1.5] [ 7.1  6.9]],16_1
10,5,0.6967236467236467,0.7180034038932028,[[11.3  1.1] [ 6.9  7.1]],16_2
10,5,0.685042735042735,0.7188490586107861,[[11.3  1.1] [ 7.2  6.8]],16_3
10,5,0.6776353276353276,0.7180104953373755,[[11.2  1.2] [ 7.3  6.7]],16_4
10,5,0.6774928774928775,0.7150675460057441,[[11.2  1.2] [ 7.3  6.7]],16_5
10,5,0.6893162393162393,0.7192745452611424,[[11.2  1.2] [ 7.   7. ]],21_1
10,5,0.6780626780626781,0.7028489876963444,[[10.8  1.6] [ 6.9  7.1]],21_2
10,5,0.6856125356125355,0.7129542956423076,[[10.9  1.5] [ 6.8  7.2]],21_3
10,5,0.6931623931623931,0.7209569903910932,[[11.   1.4] [ 6.7  7.3]],21_4
10,5,0.6928774928774929,0.7167535368577811,[[11.   1.4] [ 6.7  7.3]],21_5
10,5,0.6776353276353276,0.698220047512676,[[11.5  0.9] [ 7.6  6.4]],26_1
10,5,0.6814814814814815,0.6982306846789349,[[11.3  1.1] [ 7.3  6.7]],26_2
10,5,0.6777777777777778,0.7036999609970571,[[11.3  1.1] [ 7.4  6.6]],26_3
10,5,0.6703703703703704,0.7020139701450201,[[11.3  1.1] [ 7.6  6.4]],26_4
10,5,0.6626780626780626,0.70074814736021,[[11.1  1.3] [ 7.6  6.4]],26_5
10,6,0.6827635327635327,1.0,[[9.5 2.9] [5.5 8.5]],1_1
10,6,0.7052706552706552,1.0,[[9.1 3.3] [4.5 9.5]],1_2
10,6,0.708974358974359,1.0,[[9.2 3.2] [4.5 9.5]],1_3
10,6,0.708974358974359,1.0,[[9.3 3.1] [4.6 9.4]],1_4
10,6,0.7128205128205128,1.0,[[9.3 3.1] [4.5 9.5]],1_5
10,6,0.6774928774928775,0.7302201893415594,[[11.   1.4] [ 7.1  6.9]],6_1
10,6,0.6665242165242166,0.741582455767117,[[10.5  1.9] [ 6.9  7.1]],6_2
10,6,0.666951566951567,0.7348455838031416,[[10.8  1.6] [ 7.2  6.8]],6_3
10,6,0.6517094017094017,0.7335726695741588,[[10.7  1.7] [ 7.5  6.5]],6_4
10,6,0.6514245014245015,0.7403130872602206,[[10.8  1.6] [ 7.6  6.4]],6_5
10,6,0.6896011396011397,0.7268499804985286,[[10.1  2.3] [ 5.9  8.1]],11_1
10,6,0.6508547008547009,0.7264138566819133,[[9.5 2.9] [6.3 7.7]],11_2
10,6,0.665954415954416,0.7306332659646136,[[9.8 2.6] [6.2 7.8]],11_3
10,6,0.6813390313390313,0.72979292983016,[[10.   2.4] [ 6.   8. ]],11_4
10,6,0.6811965811965812,0.7264280395702585,[[10.   2.4] [ 6.   8. ]],11_5
10,6,0.674074074074074,0.7100007091444173,[[10.9  1.5] [ 7.1  6.9]],16_1
10,6,0.6967236467236467,0.7180034038932028,[[11.3  1.1] [ 6.9  7.1]],16_2
10,6,0.685042735042735,0.7188490586107861,[[11.3  1.1] [ 7.2  6.8]],16_3
10,6,0.6776353276353276,0.7180104953373755,[[11.2  1.2] [ 7.3  6.7]],16_4
10,6,0.6774928774928775,0.7150675460057441,[[11.2  1.2] [ 7.3  6.7]],16_5
10,6,0.6893162393162393,0.7192745452611424,[[11.2  1.2] [ 7.   7. ]],21_1
10,6,0.6780626780626781,0.7028489876963444,[[10.8  1.6] [ 6.9  7.1]],21_2
10,6,0.6856125356125355,0.7129542956423076,[[10.9  1.5] [ 6.8  7.2]],21_3
10,6,0.6931623931623931,0.7209569903910932,[[11.   1.4] [ 6.7  7.3]],21_4
10,6,0.6928774928774929,0.7167535368577811,[[11.   1.4] [ 6.7  7.3]],21_5
10,6,0.6776353276353276,0.698220047512676,[[11.5  0.9] [ 7.6  6.4]],26_1
10,6,0.6814814814814815,0.6982306846789349,[[11.3  1.1] [ 7.3  6.7]],26_2
10,6,0.6777777777777778,0.7036999609970571,[[11.3  1.1] [ 7.4  6.6]],26_3
10,6,0.6703703703703704,0.7020139701450201,[[11.3  1.1] [ 7.6  6.4]],26_4
10,6,0.6626780626780626,0.70074814736021,[[11.1  1.3] [ 7.6  6.4]],26_5
10,7,0.6827635327635327,1.0,[[9.5 2.9] [5.5 8.5]],1_1
10,7,0.7052706552706552,1.0,[[9.1 3.3] [4.5 9.5]],1_2
10,7,0.708974358974359,1.0,[[9.2 3.2] [4.5 9.5]],1_3
10,7,0.708974358974359,1.0,[[9.3 3.1] [4.6 9.4]],1_4
10,7,0.7128205128205128,1.0,[[9.3 3.1] [4.5 9.5]],1_5
10,7,0.6774928774928775,0.7302201893415594,[[11.   1.4] [ 7.1  6.9]],6_1
10,7,0.6665242165242166,0.741582455767117,[[10.5  1.9] [ 6.9  7.1]],6_2
10,7,0.666951566951567,0.7348455838031416,[[10.8  1.6] [ 7.2  6.8]],6_3
10,7,0.6517094017094017,0.7335726695741588,[[10.7  1.7] [ 7.5  6.5]],6_4
10,7,0.6514245014245015,0.7403130872602206,[[10.8  1.6] [ 7.6  6.4]],6_5
10,7,0.6896011396011397,0.7268499804985286,[[10.1  2.3] [ 5.9  8.1]],11_1
10,7,0.6508547008547009,0.7264138566819133,[[9.5 2.9] [6.3 7.7]],11_2
10,7,0.665954415954416,0.7306332659646136,[[9.8 2.6] [6.2 7.8]],11_3
10,7,0.6813390313390313,0.72979292983016,[[10.   2.4] [ 6.   8. ]],11_4
10,7,0.6811965811965812,0.7264280395702585,[[10.   2.4] [ 6.   8. ]],11_5
10,7,0.674074074074074,0.7100007091444173,[[10.9  1.5] [ 7.1  6.9]],16_1
10,7,0.6967236467236467,0.7180034038932028,[[11.3  1.1] [ 6.9  7.1]],16_2
10,7,0.685042735042735,0.7188490586107861,[[11.3  1.1] [ 7.2  6.8]],16_3
10,7,0.6776353276353276,0.7180104953373755,[[11.2  1.2] [ 7.3  6.7]],16_4
10,7,0.6774928774928775,0.7150675460057441,[[11.2  1.2] [ 7.3  6.7]],16_5
10,7,0.6893162393162393,0.7192745452611424,[[11.2  1.2] [ 7.   7. ]],21_1
10,7,0.6780626780626781,0.7028489876963444,[[10.8  1.6] [ 6.9  7.1]],21_2
10,7,0.6856125356125355,0.7129542956423076,[[10.9  1.5] [ 6.8  7.2]],21_3
10,7,0.6931623931623931,0.7209569903910932,[[11.   1.4] [ 6.7  7.3]],21_4
10,7,0.6928774928774929,0.7167535368577811,[[11.   1.4] [ 6.7  7.3]],21_5
10,7,0.6776353276353276,0.698220047512676,[[11.5  0.9] [ 7.6  6.4]],26_1
10,7,0.6814814814814815,0.6982306846789349,[[11.3  1.1] [ 7.3  6.7]],26_2
10,7,0.6777777777777778,0.7036999609970571,[[11.3  1.1] [ 7.4  6.6]],26_3
10,7,0.6703703703703704,0.7020139701450201,[[11.3  1.1] [ 7.6  6.4]],26_4
10,7,0.6626780626780626,0.70074814736021,[[11.1  1.3] [ 7.6  6.4]],26_5
10,8,0.6827635327635327,1.0,[[9.5 2.9] [5.5 8.5]],1_1
10,8,0.7052706552706552,1.0,[[9.1 3.3] [4.5 9.5]],1_2
10,8,0.708974358974359,1.0,[[9.2 3.2] [4.5 9.5]],1_3
10,8,0.708974358974359,1.0,[[9.3 3.1] [4.6 9.4]],1_4
10,8,0.7128205128205128,1.0,[[9.3 3.1] [4.5 9.5]],1_5
10,8,0.6774928774928775,0.7302201893415594,[[11.   1.4] [ 7.1  6.9]],6_1
10,8,0.6665242165242166,0.741582455767117,[[10.5  1.9] [ 6.9  7.1]],6_2
10,8,0.666951566951567,0.7348455838031416,[[10.8  1.6] [ 7.2  6.8]],6_3
10,8,0.6517094017094017,0.7335726695741588,[[10.7  1.7] [ 7.5  6.5]],6_4
10,8,0.6514245014245015,0.7403130872602206,[[10.8  1.6] [ 7.6  6.4]],6_5
10,8,0.6896011396011397,0.7268499804985286,[[10.1  2.3] [ 5.9  8.1]],11_1
10,8,0.6508547008547009,0.7264138566819133,[[9.5 2.9] [6.3 7.7]],11_2
10,8,0.665954415954416,0.7306332659646136,[[9.8 2.6] [6.2 7.8]],11_3
10,8,0.6813390313390313,0.72979292983016,[[10.   2.4] [ 6.   8. ]],11_4
10,8,0.6811965811965812,0.7264280395702585,[[10.   2.4] [ 6.   8. ]],11_5
10,8,0.674074074074074,0.7100007091444173,[[10.9  1.5] [ 7.1  6.9]],16_1
10,8,0.6967236467236467,0.7180034038932028,[[11.3  1.1] [ 6.9  7.1]],16_2
10,8,0.685042735042735,0.7188490586107861,[[11.3  1.1] [ 7.2  6.8]],16_3
10,8,0.6776353276353276,0.7180104953373755,[[11.2  1.2] [ 7.3  6.7]],16_4
10,8,0.6774928774928775,0.7150675460057441,[[11.2  1.2] [ 7.3  6.7]],16_5
10,8,0.6893162393162393,0.7192745452611424,[[11.2  1.2] [ 7.   7. ]],21_1
10,8,0.6780626780626781,0.7028489876963444,[[10.8  1.6] [ 6.9  7.1]],21_2
10,8,0.6856125356125355,0.7129542956423076,[[10.9  1.5] [ 6.8  7.2]],21_3
10,8,0.6931623931623931,0.7209569903910932,[[11.   1.4] [ 6.7  7.3]],21_4
10,8,0.6928774928774929,0.7167535368577811,[[11.   1.4] [ 6.7  7.3]],21_5
10,8,0.6776353276353276,0.698220047512676,[[11.5  0.9] [ 7.6  6.4]],26_1
10,8,0.6814814814814815,0.6982306846789349,[[11.3  1.1] [ 7.3  6.7]],26_2
10,8,0.6777777777777778,0.7036999609970571,[[11.3  1.1] [ 7.4  6.6]],26_3
10,8,0.6703703703703704,0.7020139701450201,[[11.3  1.1] [ 7.6  6.4]],26_4
10,8,0.6626780626780626,0.70074814736021,[[11.1  1.3] [ 7.6  6.4]],26_5
10,9,0.6827635327635327,1.0,[[9.5 2.9] [5.5 8.5]],1_1
10,9,0.7052706552706552,1.0,[[9.1 3.3] [4.5 9.5]],1_2
10,9,0.708974358974359,1.0,[[9.2 3.2] [4.5 9.5]],1_3
10,9,0.708974358974359,1.0,[[9.3 3.1] [4.6 9.4]],1_4
10,9,0.7128205128205128,1.0,[[9.3 3.1] [4.5 9.5]],1_5
10,9,0.6774928774928775,0.7302201893415594,[[11.   1.4] [ 7.1  6.9]],6_1
10,9,0.6665242165242166,0.741582455767117,[[10.5  1.9] [ 6.9  7.1]],6_2
10,9,0.666951566951567,0.7348455838031416,[[10.8  1.6] [ 7.2  6.8]],6_3
10,9,0.6517094017094017,0.7335726695741588,[[10.7  1.7] [ 7.5  6.5]],6_4
10,9,0.6514245014245015,0.7403130872602206,[[10.8  1.6] [ 7.6  6.4]],6_5
10,9,0.6896011396011397,0.7268499804985286,[[10.1  2.3] [ 5.9  8.1]],11_1
10,9,0.6508547008547009,0.7264138566819133,[[9.5 2.9] [6.3 7.7]],11_2
10,9,0.665954415954416,0.7306332659646136,[[9.8 2.6] [6.2 7.8]],11_3
10,9,0.6813390313390313,0.72979292983016,[[10.   2.4] [ 6.   8. ]],11_4
10,9,0.6811965811965812,0.7264280395702585,[[10.   2.4] [ 6.   8. ]],11_5
10,9,0.674074074074074,0.7100007091444173,[[10.9  1.5] [ 7.1  6.9]],16_1
10,9,0.6967236467236467,0.7180034038932028,[[11.3  1.1] [ 6.9  7.1]],16_2
10,9,0.685042735042735,0.7188490586107861,[[11.3  1.1] [ 7.2  6.8]],16_3
10,9,0.6776353276353276,0.7180104953373755,[[11.2  1.2] [ 7.3  6.7]],16_4
10,9,0.6774928774928775,0.7150675460057441,[[11.2  1.2] [ 7.3  6.7]],16_5
10,9,0.6893162393162393,0.7192745452611424,[[11.2  1.2] [ 7.   7. ]],21_1
10,9,0.6780626780626781,0.7028489876963444,[[10.8  1.6] [ 6.9  7.1]],21_2
10,9,0.6856125356125355,0.7129542956423076,[[10.9  1.5] [ 6.8  7.2]],21_3
10,9,0.6931623931623931,0.7209569903910932,[[11.   1.4] [ 6.7  7.3]],21_4
10,9,0.6928774928774929,0.7167535368577811,[[11.   1.4] [ 6.7  7.3]],21_5
10,9,0.6776353276353276,0.698220047512676,[[11.5  0.9] [ 7.6  6.4]],26_1
10,9,0.6814814814814815,0.6982306846789349,[[11.3  1.1] [ 7.3  6.7]],26_2
10,9,0.6777777777777778,0.7036999609970571,[[11.3  1.1] [ 7.4  6.6]],26_3
10,9,0.6703703703703704,0.7020139701450201,[[11.3  1.1] [ 7.6  6.4]],26_4
10,9,0.6626780626780626,0.70074814736021,[[11.1  1.3] [ 7.6  6.4]],26_5