Size,Ntrial,TestAcc,TrainAcc,ConfMatrix,Config
0.3,0,0.7081081081081081,0.6962025316455697,[[78 13] [41 53]],1e-09
0.3,0,0.7189189189189189,0.7215189873417721,[[79 12] [40 54]],1e-08
0.3,0,0.7297297297297297,0.7341772151898734,[[80 11] [39 55]],1e-07
0.3,0,0.7297297297297297,0.7341772151898734,[[81 10] [40 54]],1e-06
0.3,0,0.7297297297297297,0.7088607594936709,[[81 10] [40 54]],1e-05
0.3,0,0.7297297297297297,0.759493670886076,[[82  9] [41 53]],0.0001
0.3,1,0.6864864864864865,0.7468354430379747,[[82  3] [55 45]],1e-09
0.3,1,0.6864864864864865,0.7468354430379747,[[82  3] [55 45]],1e-08
0.3,1,0.6864864864864865,0.7468354430379747,[[82  3] [55 45]],1e-07
0.3,1,0.6972972972972973,0.7468354430379747,[[83  2] [54 46]],1e-06
0.3,1,0.6810810810810811,0.7468354430379747,[[83  2] [57 43]],1e-05
0.3,1,0.6864864864864865,0.7341772151898734,[[83  2] [56 44]],0.0001
0.3,2,0.6864864864864865,0.7848101265822784,[[82  7] [51 45]],1e-09
0.3,2,0.7027027027027027,0.7848101265822784,[[82  7] [48 48]],1e-08
0.3,2,0.7027027027027027,0.7848101265822784,[[82  7] [48 48]],1e-07
0.3,2,0.7081081081081081,0.7848101265822784,[[83  6] [48 48]],1e-06
0.3,2,0.6756756756756757,0.7848101265822784,[[78 11] [49 47]],1e-05
0.3,2,0.6864864864864865,0.810126582278481,[[78 11] [47 49]],0.0001
0.3,3,0.654054054054054,0.759493670886076,[[74 10] [54 47]],1e-09
0.3,3,0.6594594594594595,0.7721518987341772,[[74 10] [53 48]],1e-08
0.3,3,0.6648648648648648,0.7974683544303798,[[76  8] [54 47]],1e-07
0.3,3,0.6648648648648648,0.7974683544303798,[[78  6] [56 45]],1e-06
0.3,3,0.6810810810810811,0.810126582278481,[[78  6] [53 48]],1e-05
0.3,3,0.6702702702702703,0.8354430379746836,[[74 10] [51 50]],0.0001
0.3,4,0.654054054054054,0.7088607594936709,[[81  4] [60 40]],1e-09
0.3,4,0.6648648648648648,0.7215189873417721,[[81  4] [58 42]],1e-08
0.3,4,0.6648648648648648,0.7341772151898734,[[81  4] [58 42]],1e-07
0.3,4,0.6810810810810811,0.7215189873417721,[[82  3] [56 44]],1e-06
0.3,4,0.6864864864864865,0.6962025316455697,[[82  3] [55 45]],1e-05
0.3,4,0.6702702702702703,0.7088607594936709,[[79  6] [55 45]],0.0001
0.3,5,0.6702702702702703,0.7974683544303798,[[76  8] [53 48]],1e-09
0.3,5,0.6702702702702703,0.8227848101265823,[[77  7] [54 47]],1e-08
0.3,5,0.6756756756756757,0.810126582278481,[[78  6] [54 47]],1e-07
0.3,5,0.6864864864864865,0.7974683544303798,[[79  5] [53 48]],1e-06
0.3,5,0.6972972972972973,0.7341772151898734,[[76  8] [48 53]],1e-05
0.3,5,0.6972972972972973,0.7468354430379747,[[75  9] [47 54]],0.0001
0.3,6,0.7081081081081081,0.7721518987341772,[[69 16] [38 62]],1e-09
0.3,6,0.7135135135135136,0.7721518987341772,[[67 18] [35 65]],1e-08
0.3,6,0.7081081081081081,0.7721518987341772,[[67 18] [36 64]],1e-07
0.3,6,0.7027027027027027,0.7848101265822784,[[68 17] [38 62]],1e-06
0.3,6,0.7513513513513513,0.7468354430379747,[[73 12] [34 66]],1e-05
0.3,6,0.7189189189189189,0.759493670886076,[[73 12] [40 60]],0.0001
0.3,7,0.6648648648648648,0.7974683544303798,[[76 15] [47 47]],1e-09
0.3,7,0.6702702702702703,0.7721518987341772,[[74 17] [44 50]],1e-08
0.3,7,0.6810810810810811,0.7848101265822784,[[74 17] [42 52]],1e-07
0.3,7,0.6972972972972973,0.7848101265822784,[[77 14] [42 52]],1e-06
0.3,7,0.7297297297297297,0.7848101265822784,[[79 12] [38 56]],1e-05
0.3,7,0.7297297297297297,0.7848101265822784,[[77 14] [36 58]],0.0001
0.3,8,0.6594594594594595,0.7088607594936709,[[73 11] [52 49]],1e-09
0.3,8,0.6648648648648648,0.7341772151898734,[[72 12] [50 51]],1e-08
0.3,8,0.6864864864864865,0.7341772151898734,[[74 10] [48 53]],1e-07
0.3,8,0.6972972972972973,0.7468354430379747,[[75  9] [47 54]],1e-06
0.3,8,0.6918918918918919,0.7215189873417721,[[74 10] [47 54]],1e-05
0.3,8,0.6756756756756757,0.7468354430379747,[[71 13] [47 54]],0.0001
0.3,9,0.6972972972972973,0.7088607594936709,[[82  5] [51 47]],1e-09
0.3,9,0.7135135135135136,0.7215189873417721,[[81  6] [47 51]],1e-08
0.3,9,0.7135135135135136,0.7341772151898734,[[82  5] [48 50]],1e-07
0.3,9,0.7081081081081081,0.7341772151898734,[[82  5] [49 49]],1e-06
0.3,9,0.7081081081081081,0.7341772151898734,[[79  8] [46 52]],1e-05
0.3,9,0.7027027027027027,0.7215189873417721,[[76 11] [44 54]],0.0001
0.5,0,0.7045454545454546,0.6666666666666666,[[56  6] [33 37]],1e-09
0.5,0,0.7272727272727273,0.6818181818181818,[[57  5] [31 39]],1e-08
0.5,0,0.7196969696969697,0.6893939393939394,[[57  5] [32 38]],1e-07
0.5,0,0.7272727272727273,0.696969696969697,[[59  3] [33 37]],1e-06
0.5,0,0.7121212121212122,0.6818181818181818,[[59  3] [35 35]],1e-05
0.5,0,0.7196969696969697,0.6893939393939394,[[60  2] [35 35]],0.0001
0.5,1,0.696969696969697,0.696969696969697,[[61  3] [37 31]],1e-09
0.5,1,0.696969696969697,0.696969696969697,[[61  3] [37 31]],1e-08
0.5,1,0.7121212121212122,0.7045454545454546,[[62  2] [36 32]],1e-07
0.5,1,0.7121212121212122,0.7121212121212122,[[62  2] [36 32]],1e-06
0.5,1,0.6893939393939394,0.7045454545454546,[[62  2] [39 29]],1e-05
0.5,1,0.6818181818181818,0.7272727272727273,[[59  5] [37 31]],0.0001
0.5,2,0.6590909090909091,0.7348484848484849,[[58  3] [42 29]],1e-09
0.5,2,0.6590909090909091,0.7272727272727273,[[58  3] [42 29]],1e-08
0.5,2,0.6742424242424242,0.7272727272727273,[[58  3] [40 31]],1e-07
0.5,2,0.6893939393939394,0.7272727272727273,[[59  2] [39 32]],1e-06
0.5,2,0.6742424242424242,0.7348484848484849,[[59  2] [41 30]],1e-05
0.5,2,0.6742424242424242,0.7424242424242424,[[57  4] [39 32]],0.0001
0.5,3,0.6439393939393939,0.7803030303030303,[[43 13] [34 42]],1e-09
0.5,3,0.6439393939393939,0.7803030303030303,[[42 14] [33 43]],1e-08
0.5,3,0.6439393939393939,0.7878787878787878,[[43 13] [34 42]],1e-07
0.5,3,0.6666666666666666,0.7954545454545454,[[44 12] [32 44]],1e-06
0.5,3,0.696969696969697,0.7878787878787878,[[45 11] [29 47]],1e-05
0.5,3,0.6893939393939394,0.7803030303030303,[[47  9] [32 44]],0.0001
0.5,4,0.75,0.7045454545454546,[[55  6] [27 44]],1e-09
0.5,4,0.7575757575757576,0.7121212121212122,[[55  6] [26 45]],1e-08
0.5,4,0.7575757575757576,0.7121212121212122,[[55  6] [26 45]],1e-07
0.5,4,0.7651515151515151,0.7045454545454546,[[55  6] [25 46]],1e-06
0.5,4,0.75,0.7272727272727273,[[55  6] [27 44]],1e-05
0.5,4,0.7348484848484849,0.7196969696969697,[[56  5] [30 41]],0.0001
0.5,5,0.6818181818181818,0.7272727272727273,[[58  5] [37 32]],1e-09
0.5,5,0.696969696969697,0.7348484848484849,[[58  5] [35 34]],1e-08
0.5,5,0.696969696969697,0.7348484848484849,[[58  5] [35 34]],1e-07
0.5,5,0.696969696969697,0.7348484848484849,[[59  4] [36 33]],1e-06
0.5,5,0.7196969696969697,0.696969696969697,[[57  6] [31 38]],1e-05
0.5,5,0.7348484848484849,0.6893939393939394,[[56  7] [28 41]],0.0001
0.5,6,0.7196969696969697,0.7272727272727273,[[47 15] [22 48]],1e-09
0.5,6,0.7272727272727273,0.7272727272727273,[[47 15] [21 49]],1e-08
0.5,6,0.7272727272727273,0.7348484848484849,[[47 15] [21 49]],1e-07
0.5,6,0.7196969696969697,0.75,[[47 15] [22 48]],1e-06
0.5,6,0.7424242424242424,0.7424242424242424,[[49 13] [21 49]],1e-05
0.5,6,0.7575757575757576,0.75,[[52 10] [22 48]],0.0001
0.5,7,0.6893939393939394,0.7727272727272727,[[56  8] [33 35]],1e-09
0.5,7,0.6818181818181818,0.7651515151515151,[[53 11] [31 37]],1e-08
0.5,7,0.6818181818181818,0.75,[[53 11] [31 37]],1e-07
0.5,7,0.6893939393939394,0.7575757575757576,[[54 10] [31 37]],1e-06
0.5,7,0.696969696969697,0.7575757575757576,[[54 10] [30 38]],1e-05
0.5,7,0.7045454545454546,0.7803030303030303,[[52 12] [27 41]],0.0001
0.5,8,0.696969696969697,0.7575757575757576,[[58  6] [34 34]],1e-09
0.5,8,0.6818181818181818,0.7272727272727273,[[54 10] [32 36]],1e-08
0.5,8,0.696969696969697,0.7196969696969697,[[54 10] [30 38]],1e-07
0.5,8,0.6818181818181818,0.7575757575757576,[[53 11] [31 37]],1e-06
0.5,8,0.6818181818181818,0.7727272727272727,[[54 10] [32 36]],1e-05
0.5,8,0.696969696969697,0.75,[[57  7] [33 35]],0.0001
0.5,9,0.696969696969697,0.75,[[52  4] [36 40]],1e-09
0.5,9,0.6818181818181818,0.7348484848484849,[[46 10] [32 44]],1e-08
0.5,9,0.6818181818181818,0.7348484848484849,[[46 10] [32 44]],1e-07
0.5,9,0.6893939393939394,0.7348484848484849,[[47  9] [32 44]],1e-06
0.5,9,0.696969696969697,0.7651515151515151,[[48  8] [32 44]],1e-05
0.5,9,0.6893939393939394,0.7575757575757576,[[50  6] [35 41]],0.0001
0.8,0,0.7358490566037735,0.7156398104265402,[[20  3] [11 19]],1e-09
0.8,0,0.7169811320754716,0.7298578199052133,[[19  4] [11 19]],1e-08
0.8,0,0.7169811320754716,0.7251184834123223,[[19  4] [11 19]],1e-07
0.8,0,0.7169811320754716,0.7298578199052133,[[19  4] [11 19]],1e-06
0.8,0,0.7547169811320755,0.7156398104265402,[[20  3] [10 20]],1e-05
0.8,0,0.7735849056603774,0.7109004739336493,[[21  2] [10 20]],0.0001
0.8,1,0.7358490566037735,0.7156398104265402,[[26  0] [14 13]],1e-09
0.8,1,0.7169811320754716,0.7061611374407583,[[25  1] [14 13]],1e-08
0.8,1,0.6981132075471698,0.7109004739336493,[[24  2] [14 13]],1e-07
0.8,1,0.7547169811320755,0.7393364928909952,[[25  1] [12 15]],1e-06
0.8,1,0.7547169811320755,0.7203791469194313,[[25  1] [12 15]],1e-05
0.8,1,0.7358490566037735,0.7061611374407583,[[25  1] [13 14]],0.0001
0.8,2,0.7547169811320755,0.7156398104265402,[[19  3] [10 21]],1e-09
0.8,2,0.7169811320754716,0.7156398104265402,[[17  5] [10 21]],1e-08
0.8,2,0.7169811320754716,0.7156398104265402,[[17  5] [10 21]],1e-07
0.8,2,0.7547169811320755,0.7156398104265402,[[18  4] [ 9 22]],1e-06
0.8,2,0.7547169811320755,0.7109004739336493,[[19  3] [10 21]],1e-05
0.8,2,0.7547169811320755,0.7014218009478673,[[20  2] [11 20]],0.0001
0.8,3,0.6226415094339622,0.7535545023696683,[[16  3] [17 17]],1e-09
0.8,3,0.6415094339622641,0.7298578199052133,[[16  3] [16 18]],1e-08
0.8,3,0.6415094339622641,0.7345971563981043,[[16  3] [16 18]],1e-07
0.8,3,0.6226415094339622,0.7535545023696683,[[16  3] [17 17]],1e-06
0.8,3,0.660377358490566,0.7488151658767772,[[17  2] [16 18]],1e-05
0.8,3,0.6226415094339622,0.7488151658767772,[[17  2] [18 16]],0.0001
0.8,4,0.7924528301886793,0.7109004739336493,[[24  2] [ 9 18]],1e-09
0.8,4,0.7547169811320755,0.7061611374407583,[[22  4] [ 9 18]],1e-08
0.8,4,0.7547169811320755,0.7109004739336493,[[22  4] [ 9 18]],1e-07
0.8,4,0.7547169811320755,0.7251184834123223,[[22  4] [ 9 18]],1e-06
0.8,4,0.7547169811320755,0.7156398104265402,[[22  4] [ 9 18]],1e-05
0.8,4,0.7924528301886793,0.7014218009478673,[[24  2] [ 9 18]],0.0001
0.8,5,0.7169811320754716,0.7109004739336493,[[25  0] [15 13]],1e-09
0.8,5,0.7358490566037735,0.7061611374407583,[[23  2] [12 16]],1e-08
0.8,5,0.7358490566037735,0.7061611374407583,[[23  2] [12 16]],1e-07
0.8,5,0.7735849056603774,0.7156398104265402,[[23  2] [10 18]],1e-06
0.8,5,0.7547169811320755,0.7109004739336493,[[23  2] [11 17]],1e-05
0.8,5,0.7547169811320755,0.7061611374407583,[[24  1] [12 16]],0.0001
0.8,6,0.7547169811320755,0.7156398104265402,[[25  2] [11 15]],1e-09
0.8,6,0.7169811320754716,0.7061611374407583,[[22  5] [10 16]],1e-08
0.8,6,0.7358490566037735,0.7061611374407583,[[21  6] [ 8 18]],1e-07
0.8,6,0.7547169811320755,0.7061611374407583,[[22  5] [ 8 18]],1e-06
0.8,6,0.7547169811320755,0.7156398104265402,[[25  2] [11 15]],1e-05
0.8,6,0.7924528301886793,0.7061611374407583,[[26  1] [10 16]],0.0001
0.8,7,0.6226415094339622,0.7109004739336493,[[22  4] [16 11]],1e-09
0.8,7,0.660377358490566,0.7109004739336493,[[22  4] [14 13]],1e-08
0.8,7,0.660377358490566,0.7156398104265402,[[22  4] [14 13]],1e-07
0.8,7,0.6792452830188679,0.7393364928909952,[[22  4] [13 14]],1e-06
0.8,7,0.7169811320754716,0.7345971563981043,[[24  2] [13 14]],1e-05
0.8,7,0.6981132075471698,0.7203791469194313,[[24  2] [14 13]],0.0001
0.8,8,0.7358490566037735,0.7061611374407583,[[21  3] [11 18]],1e-09
0.8,8,0.7547169811320755,0.6919431279620853,[[21  3] [10 19]],1e-08
0.8,8,0.7735849056603774,0.7014218009478673,[[21  3] [ 9 20]],1e-07
0.8,8,0.7924528301886793,0.7109004739336493,[[21  3] [ 8 21]],1e-06
0.8,8,0.7924528301886793,0.7298578199052133,[[21  3] [ 8 21]],1e-05
0.8,8,0.7547169811320755,0.7251184834123223,[[21  3] [10 19]],0.0001
0.8,9,0.6415094339622641,0.7251184834123223,[[18  3] [16 16]],1e-09
0.8,9,0.6792452830188679,0.7203791469194313,[[18  3] [14 18]],1e-08
0.8,9,0.6792452830188679,0.7203791469194313,[[18  3] [14 18]],1e-07
0.8,9,0.6792452830188679,0.7345971563981043,[[18  3] [14 18]],1e-06
0.8,9,0.6981132075471698,0.7488151658767772,[[19  2] [14 18]],1e-05
0.8,9,0.660377358490566,0.7345971563981043,[[19  2] [16 16]],0.0001