Size,Ntrial,TestAcc,TrainAcc,ConfMatrix,Config
3,0,0.5887939221272555,0.6545113691340106,[[ 8.         16.33333333] [ 5.33333333 23.        ]],1e-09
3,0,0.570275403608737,0.673621190130624,[[ 7.33333333 17.        ] [ 5.66666667 22.66666667]],1e-08
3,0,0.6011396011396012,0.7277455249153362,[[ 9.66666667 14.66666667] [ 6.33333333 22.        ]],1e-07
3,0,0.6196581196581197,0.7501814223512336,[[12.66666667 11.66666667] [ 8.33333333 20.        ]],1e-06
3,0,0.6512345679012346,0.7183115626511852,[[15.66666667  8.66666667] [ 9.66666667 18.66666667]],1e-05
3,0,0.6640550807217473,0.7088171262699564,[[17.66666667  6.66666667] [11.         17.33333333]],0.0001
3,1,0.5887939221272555,0.6545113691340106,[[ 8.         16.33333333] [ 5.33333333 23.        ]],1e-09
3,1,0.570275403608737,0.673621190130624,[[ 7.33333333 17.        ] [ 5.66666667 22.66666667]],1e-08
3,1,0.6011396011396012,0.7277455249153362,[[ 9.66666667 14.66666667] [ 6.33333333 22.        ]],1e-07
3,1,0.6196581196581197,0.7501814223512336,[[12.66666667 11.66666667] [ 8.33333333 20.        ]],1e-06
3,1,0.6512345679012346,0.7183115626511852,[[15.66666667  8.66666667] [ 9.66666667 18.66666667]],1e-05
3,1,0.6640550807217473,0.7088171262699564,[[17.66666667  6.66666667] [11.         17.33333333]],0.0001
3,2,0.5887939221272555,0.6545113691340106,[[ 8.         16.33333333] [ 5.33333333 23.        ]],1e-09
3,2,0.570275403608737,0.673621190130624,[[ 7.33333333 17.        ] [ 5.66666667 22.66666667]],1e-08
3,2,0.6011396011396012,0.7277455249153362,[[ 9.66666667 14.66666667] [ 6.33333333 22.        ]],1e-07
3,2,0.6196581196581197,0.7501814223512336,[[12.66666667 11.66666667] [ 8.33333333 20.        ]],1e-06
3,2,0.6512345679012346,0.7183115626511852,[[15.66666667  8.66666667] [ 9.66666667 18.66666667]],1e-05
3,2,0.6640550807217473,0.7088171262699564,[[17.66666667  6.66666667] [11.         17.33333333]],0.0001
3,3,0.5887939221272555,0.6545113691340106,[[ 8.         16.33333333] [ 5.33333333 23.        ]],1e-09
3,3,0.570275403608737,0.673621190130624,[[ 7.33333333 17.        ] [ 5.66666667 22.66666667]],1e-08
3,3,0.6011396011396012,0.7277455249153362,[[ 9.66666667 14.66666667] [ 6.33333333 22.        ]],1e-07
3,3,0.6196581196581197,0.7501814223512336,[[12.66666667 11.66666667] [ 8.33333333 20.        ]],1e-06
3,3,0.6512345679012346,0.7183115626511852,[[15.66666667  8.66666667] [ 9.66666667 18.66666667]],1e-05
3,3,0.6640550807217473,0.7088171262699564,[[17.66666667  6.66666667] [11.         17.33333333]],0.0001
3,4,0.5887939221272555,0.6545113691340106,[[ 8.         16.33333333] [ 5.33333333 23.        ]],1e-09
3,4,0.570275403608737,0.673621190130624,[[ 7.33333333 17.        ] [ 5.66666667 22.66666667]],1e-08
3,4,0.6011396011396012,0.7277455249153362,[[ 9.66666667 14.66666667] [ 6.33333333 22.        ]],1e-07
3,4,0.6196581196581197,0.7501814223512336,[[12.66666667 11.66666667] [ 8.33333333 20.        ]],1e-06
3,4,0.6512345679012346,0.7183115626511852,[[15.66666667  8.66666667] [ 9.66666667 18.66666667]],1e-05
3,4,0.6640550807217473,0.7088171262699564,[[17.66666667  6.66666667] [11.         17.33333333]],0.0001
3,5,0.5887939221272555,0.6545113691340106,[[ 8.         16.33333333] [ 5.33333333 23.        ]],1e-09
3,5,0.570275403608737,0.673621190130624,[[ 7.33333333 17.        ] [ 5.66666667 22.66666667]],1e-08
3,5,0.6011396011396012,0.7277455249153362,[[ 9.66666667 14.66666667] [ 6.33333333 22.        ]],1e-07
3,5,0.6196581196581197,0.7501814223512336,[[12.66666667 11.66666667] [ 8.33333333 20.        ]],1e-06
3,5,0.6512345679012346,0.7183115626511852,[[15.66666667  8.66666667] [ 9.66666667 18.66666667]],1e-05
3,5,0.6640550807217473,0.7088171262699564,[[17.66666667  6.66666667] [11.         17.33333333]],0.0001
3,6,0.5887939221272555,0.6545113691340106,[[ 8.         16.33333333] [ 5.33333333 23.        ]],1e-09
3,6,0.570275403608737,0.673621190130624,[[ 7.33333333 17.        ] [ 5.66666667 22.66666667]],1e-08
3,6,0.6011396011396012,0.7277455249153362,[[ 9.66666667 14.66666667] [ 6.33333333 22.        ]],1e-07
3,6,0.6196581196581197,0.7501814223512336,[[12.66666667 11.66666667] [ 8.33333333 20.        ]],1e-06
3,6,0.6512345679012346,0.7183115626511852,[[15.66666667  8.66666667] [ 9.66666667 18.66666667]],1e-05
3,6,0.6640550807217473,0.7088171262699564,[[17.66666667  6.66666667] [11.         17.33333333]],0.0001
3,7,0.5887939221272555,0.6545113691340106,[[ 8.         16.33333333] [ 5.33333333 23.        ]],1e-09
3,7,0.570275403608737,0.673621190130624,[[ 7.33333333 17.        ] [ 5.66666667 22.66666667]],1e-08
3,7,0.6011396011396012,0.7277455249153362,[[ 9.66666667 14.66666667] [ 6.33333333 22.        ]],1e-07
3,7,0.6196581196581197,0.7501814223512336,[[12.66666667 11.66666667] [ 8.33333333 20.        ]],1e-06
3,7,0.6512345679012346,0.7183115626511852,[[15.66666667  8.66666667] [ 9.66666667 18.66666667]],1e-05
3,7,0.6640550807217473,0.7088171262699564,[[17.66666667  6.66666667] [11.         17.33333333]],0.0001
3,8,0.5887939221272555,0.6545113691340106,[[ 8.         16.33333333] [ 5.33333333 23.        ]],1e-09
3,8,0.570275403608737,0.673621190130624,[[ 7.33333333 17.        ] [ 5.66666667 22.66666667]],1e-08
3,8,0.6011396011396012,0.7277455249153362,[[ 9.66666667 14.66666667] [ 6.33333333 22.        ]],1e-07
3,8,0.6196581196581197,0.7501814223512336,[[12.66666667 11.66666667] [ 8.33333333 20.        ]],1e-06
3,8,0.6512345679012346,0.7183115626511852,[[15.66666667  8.66666667] [ 9.66666667 18.66666667]],1e-05
3,8,0.6640550807217473,0.7088171262699564,[[17.66666667  6.66666667] [11.         17.33333333]],0.0001
3,9,0.5887939221272555,0.6545113691340106,[[ 8.         16.33333333] [ 5.33333333 23.        ]],1e-09
3,9,0.570275403608737,0.673621190130624,[[ 7.33333333 17.        ] [ 5.66666667 22.66666667]],1e-08
3,9,0.6011396011396012,0.7277455249153362,[[ 9.66666667 14.66666667] [ 6.33333333 22.        ]],1e-07
3,9,0.6196581196581197,0.7501814223512336,[[12.66666667 11.66666667] [ 8.33333333 20.        ]],1e-06
3,9,0.6512345679012346,0.7183115626511852,[[15.66666667  8.66666667] [ 9.66666667 18.66666667]],1e-05
3,9,0.6640550807217473,0.7088171262699564,[[17.66666667  6.66666667] [11.         17.33333333]],0.0001
7,0,0.5946028609072087,0.5897305024829169,[[ 2.14285714  8.28571429] [ 0.85714286 11.28571429]],1e-09
7,0,0.5892151326933935,0.5950216239066107,[[ 2.14285714  8.28571429] [ 1.         11.14285714]],1e-08
7,0,0.6765716167890081,0.6972642622554827,[[5.71428571 4.71428571] [2.57142857 9.57142857]],1e-07
7,0,0.7141445511010729,0.7383479428255548,[[7.42857143 3.        ] [3.42857143 8.71428571]],1e-06
7,0,0.6827592697157915,0.6888140994374532,[[8.14285714 2.28571429] [4.85714286 7.28571429]],1e-05
7,0,0.6570910973084886,0.6940427414746994,[[8.42857143 2.        ] [5.71428571 6.42857143]],0.0001
7,1,0.5946028609072087,0.5897305024829169,[[ 2.14285714  8.28571429] [ 0.85714286 11.28571429]],1e-09
7,1,0.5892151326933935,0.5950216239066107,[[ 2.14285714  8.28571429] [ 1.         11.14285714]],1e-08
7,1,0.6765716167890081,0.6972642622554827,[[5.71428571 4.71428571] [2.57142857 9.57142857]],1e-07
7,1,0.7141445511010729,0.7383479428255548,[[7.42857143 3.        ] [3.42857143 8.71428571]],1e-06
7,1,0.6827592697157915,0.6888140994374532,[[8.14285714 2.28571429] [4.85714286 7.28571429]],1e-05
7,1,0.6570910973084886,0.6940427414746994,[[8.42857143 2.        ] [5.71428571 6.42857143]],0.0001
7,2,0.5946028609072087,0.5897305024829169,[[ 2.14285714  8.28571429] [ 0.85714286 11.28571429]],1e-09
7,2,0.5892151326933935,0.5950216239066107,[[ 2.14285714  8.28571429] [ 1.         11.14285714]],1e-08
7,2,0.6765716167890081,0.6972642622554827,[[5.71428571 4.71428571] [2.57142857 9.57142857]],1e-07
7,2,0.7141445511010729,0.7383479428255548,[[7.42857143 3.        ] [3.42857143 8.71428571]],1e-06
7,2,0.6827592697157915,0.6888140994374532,[[8.14285714 2.28571429] [4.85714286 7.28571429]],1e-05
7,2,0.6570910973084886,0.6940427414746994,[[8.42857143 2.        ] [5.71428571 6.42857143]],0.0001
7,3,0.5946028609072087,0.5897305024829169,[[ 2.14285714  8.28571429] [ 0.85714286 11.28571429]],1e-09
7,3,0.5892151326933935,0.5950216239066107,[[ 2.14285714  8.28571429] [ 1.         11.14285714]],1e-08
7,3,0.6765716167890081,0.6972642622554827,[[5.71428571 4.71428571] [2.57142857 9.57142857]],1e-07
7,3,0.7141445511010729,0.7383479428255548,[[7.42857143 3.        ] [3.42857143 8.71428571]],1e-06
7,3,0.6827592697157915,0.6888140994374532,[[8.14285714 2.28571429] [4.85714286 7.28571429]],1e-05
7,3,0.6570910973084886,0.6940427414746994,[[8.42857143 2.        ] [5.71428571 6.42857143]],0.0001
7,4,0.5946028609072087,0.5897305024829169,[[ 2.14285714  8.28571429] [ 0.85714286 11.28571429]],1e-09
7,4,0.5892151326933935,0.5950216239066107,[[ 2.14285714  8.28571429] [ 1.         11.14285714]],1e-08
7,4,0.6765716167890081,0.6972642622554827,[[5.71428571 4.71428571] [2.57142857 9.57142857]],1e-07
7,4,0.7141445511010729,0.7383479428255548,[[7.42857143 3.        ] [3.42857143 8.71428571]],1e-06
7,4,0.6827592697157915,0.6888140994374532,[[8.14285714 2.28571429] [4.85714286 7.28571429]],1e-05
7,4,0.6570910973084886,0.6940427414746994,[[8.42857143 2.        ] [5.71428571 6.42857143]],0.0001
7,5,0.5946028609072087,0.5897305024829169,[[ 2.14285714  8.28571429] [ 0.85714286 11.28571429]],1e-09
7,5,0.5892151326933935,0.5950216239066107,[[ 2.14285714  8.28571429] [ 1.         11.14285714]],1e-08
7,5,0.6765716167890081,0.6972642622554827,[[5.71428571 4.71428571] [2.57142857 9.57142857]],1e-07
7,5,0.7141445511010729,0.7383479428255548,[[7.42857143 3.        ] [3.42857143 8.71428571]],1e-06
7,5,0.6827592697157915,0.6888140994374532,[[8.14285714 2.28571429] [4.85714286 7.28571429]],1e-05
7,5,0.6570910973084886,0.6940427414746994,[[8.42857143 2.        ] [5.71428571 6.42857143]],0.0001
7,6,0.5946028609072087,0.5897305024829169,[[ 2.14285714  8.28571429] [ 0.85714286 11.28571429]],1e-09
7,6,0.5892151326933935,0.5950216239066107,[[ 2.14285714  8.28571429] [ 1.         11.14285714]],1e-08
7,6,0.6765716167890081,0.6972642622554827,[[5.71428571 4.71428571] [2.57142857 9.57142857]],1e-07
7,6,0.7141445511010729,0.7383479428255548,[[7.42857143 3.        ] [3.42857143 8.71428571]],1e-06
7,6,0.6827592697157915,0.6888140994374532,[[8.14285714 2.28571429] [4.85714286 7.28571429]],1e-05
7,6,0.6570910973084886,0.6940427414746994,[[8.42857143 2.        ] [5.71428571 6.42857143]],0.0001
7,7,0.5946028609072087,0.5897305024829169,[[ 2.14285714  8.28571429] [ 0.85714286 11.28571429]],1e-09
7,7,0.5892151326933935,0.5950216239066107,[[ 2.14285714  8.28571429] [ 1.         11.14285714]],1e-08
7,7,0.6765716167890081,0.6972642622554827,[[5.71428571 4.71428571] [2.57142857 9.57142857]],1e-07
7,7,0.7141445511010729,0.7383479428255548,[[7.42857143 3.        ] [3.42857143 8.71428571]],1e-06
7,7,0.6827592697157915,0.6888140994374532,[[8.14285714 2.28571429] [4.85714286 7.28571429]],1e-05
7,7,0.6570910973084886,0.6940427414746994,[[8.42857143 2.        ] [5.71428571 6.42857143]],0.0001
7,8,0.5946028609072087,0.5897305024829169,[[ 2.14285714  8.28571429] [ 0.85714286 11.28571429]],1e-09
7,8,0.5892151326933935,0.5950216239066107,[[ 2.14285714  8.28571429] [ 1.         11.14285714]],1e-08
7,8,0.6765716167890081,0.6972642622554827,[[5.71428571 4.71428571] [2.57142857 9.57142857]],1e-07
7,8,0.7141445511010729,0.7383479428255548,[[7.42857143 3.        ] [3.42857143 8.71428571]],1e-06
7,8,0.6827592697157915,0.6888140994374532,[[8.14285714 2.28571429] [4.85714286 7.28571429]],1e-05
7,8,0.6570910973084886,0.6940427414746994,[[8.42857143 2.        ] [5.71428571 6.42857143]],0.0001
7,9,0.5946028609072087,0.5897305024829169,[[ 2.14285714  8.28571429] [ 0.85714286 11.28571429]],1e-09
7,9,0.5892151326933935,0.5950216239066107,[[ 2.14285714  8.28571429] [ 1.         11.14285714]],1e-08
7,9,0.6765716167890081,0.6972642622554827,[[5.71428571 4.71428571] [2.57142857 9.57142857]],1e-07
7,9,0.7141445511010729,0.7383479428255548,[[7.42857143 3.        ] [3.42857143 8.71428571]],1e-06
7,9,0.6827592697157915,0.6888140994374532,[[8.14285714 2.28571429] [4.85714286 7.28571429]],1e-05
7,9,0.6570910973084886,0.6940427414746994,[[8.42857143 2.        ] [5.71428571 6.42857143]],0.0001
10,0,0.5893382352941177,0.5872227263297086,[[1.3 6. ] [0.5 8. ]],1e-09
10,0,0.5583578431372549,0.5978063640484976,[[1.  6.3] [0.7 7.8]],1e-08
10,0,0.65125,0.6941158082752329,[[3.6 3.7] [1.8 6.7]],1e-07
10,0,0.7131127450980392,0.7433147663444337,[[5.2 2.1] [2.4 6.1]],1e-06
10,0,0.6766666666666666,0.6898706876980776,[[5.8 1.5] [3.6 4.9]],1e-05
10,0,0.6770833333333333,0.691234606967301,[[6.2 1.1] [4.  4.5]],0.0001
10,1,0.5893382352941177,0.5872227263297086,[[1.3 6. ] [0.5 8. ]],1e-09
10,1,0.5583578431372549,0.5978063640484976,[[1.  6.3] [0.7 7.8]],1e-08
10,1,0.65125,0.6941158082752329,[[3.6 3.7] [1.8 6.7]],1e-07
10,1,0.7131127450980392,0.7433147663444337,[[5.2 2.1] [2.4 6.1]],1e-06
10,1,0.6766666666666666,0.6898706876980776,[[5.8 1.5] [3.6 4.9]],1e-05
10,1,0.6770833333333333,0.691234606967301,[[6.2 1.1] [4.  4.5]],0.0001
10,2,0.5893382352941177,0.5872227263297086,[[1.3 6. ] [0.5 8. ]],1e-09
10,2,0.5583578431372549,0.5978063640484976,[[1.  6.3] [0.7 7.8]],1e-08
10,2,0.65125,0.6941158082752329,[[3.6 3.7] [1.8 6.7]],1e-07
10,2,0.7131127450980392,0.7433147663444337,[[5.2 2.1] [2.4 6.1]],1e-06
10,2,0.6766666666666666,0.6898706876980776,[[5.8 1.5] [3.6 4.9]],1e-05
10,2,0.6770833333333333,0.691234606967301,[[6.2 1.1] [4.  4.5]],0.0001
10,3,0.5893382352941177,0.5872227263297086,[[1.3 6. ] [0.5 8. ]],1e-09
10,3,0.5583578431372549,0.5978063640484976,[[1.  6.3] [0.7 7.8]],1e-08
10,3,0.65125,0.6941158082752329,[[3.6 3.7] [1.8 6.7]],1e-07
10,3,0.7131127450980392,0.7433147663444337,[[5.2 2.1] [2.4 6.1]],1e-06
10,3,0.6766666666666666,0.6898706876980776,[[5.8 1.5] [3.6 4.9]],1e-05
10,3,0.6770833333333333,0.691234606967301,[[6.2 1.1] [4.  4.5]],0.0001
10,4,0.5893382352941177,0.5872227263297086,[[1.3 6. ] [0.5 8. ]],1e-09
10,4,0.5583578431372549,0.5978063640484976,[[1.  6.3] [0.7 7.8]],1e-08
10,4,0.65125,0.6941158082752329,[[3.6 3.7] [1.8 6.7]],1e-07
10,4,0.7131127450980392,0.7433147663444337,[[5.2 2.1] [2.4 6.1]],1e-06
10,4,0.6766666666666666,0.6898706876980776,[[5.8 1.5] [3.6 4.9]],1e-05
10,4,0.6770833333333333,0.691234606967301,[[6.2 1.1] [4.  4.5]],0.0001
10,5,0.5893382352941177,0.5872227263297086,[[1.3 6. ] [0.5 8. ]],1e-09
10,5,0.5583578431372549,0.5978063640484976,[[1.  6.3] [0.7 7.8]],1e-08
10,5,0.65125,0.6941158082752329,[[3.6 3.7] [1.8 6.7]],1e-07
10,5,0.7131127450980392,0.7433147663444337,[[5.2 2.1] [2.4 6.1]],1e-06
10,5,0.6766666666666666,0.6898706876980776,[[5.8 1.5] [3.6 4.9]],1e-05
10,5,0.6770833333333333,0.691234606967301,[[6.2 1.1] [4.  4.5]],0.0001
10,6,0.5893382352941177,0.5872227263297086,[[1.3 6. ] [0.5 8. ]],1e-09
10,6,0.5583578431372549,0.5978063640484976,[[1.  6.3] [0.7 7.8]],1e-08
10,6,0.65125,0.6941158082752329,[[3.6 3.7] [1.8 6.7]],1e-07
10,6,0.7131127450980392,0.7433147663444337,[[5.2 2.1] [2.4 6.1]],1e-06
10,6,0.6766666666666666,0.6898706876980776,[[5.8 1.5] [3.6 4.9]],1e-05
10,6,0.6770833333333333,0.691234606967301,[[6.2 1.1] [4.  4.5]],0.0001
10,7,0.5893382352941177,0.5872227263297086,[[1.3 6. ] [0.5 8. ]],1e-09
10,7,0.5583578431372549,0.5978063640484976,[[1.  6.3] [0.7 7.8]],1e-08
10,7,0.65125,0.6941158082752329,[[3.6 3.7] [1.8 6.7]],1e-07
10,7,0.7131127450980392,0.7433147663444337,[[5.2 2.1] [2.4 6.1]],1e-06
10,7,0.6766666666666666,0.6898706876980776,[[5.8 1.5] [3.6 4.9]],1e-05
10,7,0.6770833333333333,0.691234606967301,[[6.2 1.1] [4.  4.5]],0.0001
10,8,0.5893382352941177,0.5872227263297086,[[1.3 6. ] [0.5 8. ]],1e-09
10,8,0.5583578431372549,0.5978063640484976,[[1.  6.3] [0.7 7.8]],1e-08
10,8,0.65125,0.6941158082752329,[[3.6 3.7] [1.8 6.7]],1e-07
10,8,0.7131127450980392,0.7433147663444337,[[5.2 2.1] [2.4 6.1]],1e-06
10,8,0.6766666666666666,0.6898706876980776,[[5.8 1.5] [3.6 4.9]],1e-05
10,8,0.6770833333333333,0.691234606967301,[[6.2 1.1] [4.  4.5]],0.0001
10,9,0.5893382352941177,0.5872227263297086,[[1.3 6. ] [0.5 8. ]],1e-09
10,9,0.5583578431372549,0.5978063640484976,[[1.  6.3] [0.7 7.8]],1e-08
10,9,0.65125,0.6941158082752329,[[3.6 3.7] [1.8 6.7]],1e-07
10,9,0.7131127450980392,0.7433147663444337,[[5.2 2.1] [2.4 6.1]],1e-06
10,9,0.6766666666666666,0.6898706876980776,[[5.8 1.5] [3.6 4.9]],1e-05
10,9,0.6770833333333333,0.691234606967301,[[6.2 1.1] [4.  4.5]],0.0001