Size,Ntrial,TestAcc,TrainAcc,ConfMatrix,Config
0.3,0,0.6036036036036037,1.0,[[30 24] [20 37]],1_1
0.3,0,0.6216216216216216,1.0,[[34 20] [22 35]],1_2
0.3,0,0.6036036036036037,1.0,[[33 21] [23 34]],1_3
0.3,0,0.6126126126126126,1.0,[[34 20] [23 34]],1_4
0.3,0,0.6306306306306306,1.0,[[35 19] [22 35]],1_5
0.3,0,0.5585585585585585,0.6808510638297872,[[35 19] [30 27]],6_1
0.3,0,0.5855855855855856,0.723404255319149,[[37 17] [29 28]],6_2
0.3,0,0.5765765765765766,0.723404255319149,[[37 17] [30 27]],6_3
0.3,0,0.5585585585585585,0.7021276595744681,[[37 17] [32 25]],6_4
0.3,0,0.5495495495495496,0.6808510638297872,[[36 18] [32 25]],6_5
0.3,0,0.5675675675675675,0.6595744680851063,[[26 28] [20 37]],11_1
0.3,0,0.5135135135135135,0.7021276595744681,[[21 33] [21 36]],11_2
0.3,0,0.5045045045045045,0.723404255319149,[[23 31] [24 33]],11_3
0.3,0,0.5045045045045045,0.6808510638297872,[[24 30] [25 32]],11_4
0.3,0,0.5045045045045045,0.6595744680851063,[[24 30] [25 32]],11_5
0.3,0,0.5405405405405406,0.6382978723404256,[[25 29] [22 35]],16_1
0.3,0,0.46846846846846846,0.6595744680851063,[[17 37] [22 35]],16_2
0.3,0,0.45045045045045046,0.6382978723404256,[[16 38] [23 34]],16_3
0.3,0,0.44144144144144143,0.6382978723404256,[[15 39] [23 34]],16_4
0.3,0,0.44144144144144143,0.6382978723404256,[[15 39] [23 34]],16_5
0.3,0,0.4954954954954955,0.574468085106383,[[13 41] [15 42]],21_1
0.3,0,0.4774774774774775,0.5957446808510638,[[ 4 50] [ 8 49]],21_2
0.3,0,0.4774774774774775,0.6170212765957447,[[ 3 51] [ 7 50]],21_3
0.3,0,0.4864864864864865,0.5957446808510638,[[ 3 51] [ 6 51]],21_4
0.3,0,0.4954954954954955,0.574468085106383,[[ 4 50] [ 6 51]],21_5
0.3,0,0.6486486486486487,0.6170212765957447,[[24 30] [ 9 48]],26_1
0.3,0,0.5585585585585585,0.6382978723404256,[[ 6 48] [ 1 56]],26_2
0.3,0,0.5135135135135135,0.5957446808510638,[[ 0 54] [ 0 57]],26_3
0.3,0,0.5135135135135135,0.5957446808510638,[[ 0 54] [ 0 57]],26_4
0.3,0,0.5135135135135135,0.5957446808510638,[[ 0 54] [ 0 57]],26_5
0.3,1,0.5225225225225225,1.0,[[29 24] [29 29]],1_1
0.3,1,0.5495495495495496,1.0,[[34 19] [31 27]],1_2
0.3,1,0.5675675675675675,1.0,[[35 18] [30 28]],1_3
0.3,1,0.5585585585585585,1.0,[[35 18] [31 27]],1_4
0.3,1,0.5585585585585585,1.0,[[35 18] [31 27]],1_5
0.3,1,0.5135135135135135,0.723404255319149,[[36 17] [37 21]],6_1
0.3,1,0.4864864864864865,0.7872340425531915,[[34 19] [38 20]],6_2
0.3,1,0.4594594594594595,0.7446808510638298,[[32 21] [39 19]],6_3
0.3,1,0.46846846846846846,0.7446808510638298,[[33 20] [39 19]],6_4
0.3,1,0.46846846846846846,0.7021276595744681,[[33 20] [39 19]],6_5
0.3,1,0.5045045045045045,0.7021276595744681,[[38 15] [40 18]],11_1
0.3,1,0.46846846846846846,0.7446808510638298,[[36 17] [42 16]],11_2
0.3,1,0.4594594594594595,0.723404255319149,[[36 17] [43 15]],11_3
0.3,1,0.46846846846846846,0.7446808510638298,[[35 18] [41 17]],11_4
0.3,1,0.4594594594594595,0.7446808510638298,[[34 19] [41 17]],11_5
0.3,1,0.4864864864864865,0.6382978723404256,[[44  9] [48 10]],16_1
0.3,1,0.45045045045045046,0.5957446808510638,[[40 13] [48 10]],16_2
0.3,1,0.4594594594594595,0.6382978723404256,[[40 13] [47 11]],16_3
0.3,1,0.4594594594594595,0.6382978723404256,[[40 13] [47 11]],16_4
0.3,1,0.4594594594594595,0.6595744680851063,[[40 13] [47 11]],16_5
0.3,1,0.5315315315315315,0.6595744680851063,[[44  9] [43 15]],21_1
0.3,1,0.4774774774774775,0.6595744680851063,[[42 11] [47 11]],21_2
0.3,1,0.45045045045045046,0.6595744680851063,[[36 17] [44 14]],21_3
0.3,1,0.4594594594594595,0.6595744680851063,[[36 17] [43 15]],21_4
0.3,1,0.4594594594594595,0.6808510638297872,[[36 17] [43 15]],21_5
0.3,1,0.46846846846846846,0.5957446808510638,[[46  7] [52  6]],26_1
0.3,1,0.44144144144144143,0.6595744680851063,[[38 15] [47 11]],26_2
0.3,1,0.46846846846846846,0.6595744680851063,[[38 15] [44 14]],26_3
0.3,1,0.4594594594594595,0.6382978723404256,[[37 16] [44 14]],26_4
0.3,1,0.4594594594594595,0.6382978723404256,[[37 16] [44 14]],26_5
0.3,2,0.6126126126126126,1.0,[[32 20] [23 36]],1_1
0.3,2,0.6216216216216216,1.0,[[32 20] [22 37]],1_2
0.3,2,0.6486486486486487,1.0,[[32 20] [19 40]],1_3
0.3,2,0.6486486486486487,1.0,[[32 20] [19 40]],1_4
0.3,2,0.6486486486486487,1.0,[[32 20] [19 40]],1_5
0.3,2,0.5765765765765766,0.6808510638297872,[[37 15] [32 27]],6_1
0.3,2,0.5855855855855856,0.6170212765957447,[[40 12] [34 25]],6_2
0.3,2,0.5945945945945946,0.5957446808510638,[[40 12] [33 26]],6_3
0.3,2,0.5945945945945946,0.5957446808510638,[[40 12] [33 26]],6_4
0.3,2,0.5765765765765766,0.5957446808510638,[[39 13] [34 25]],6_5
0.3,2,0.6216216216216216,0.6382978723404256,[[32 20] [22 37]],11_1
0.3,2,0.6396396396396397,0.5319148936170213,[[34 18] [22 37]],11_2
0.3,2,0.5765765765765766,0.5531914893617021,[[30 22] [25 34]],11_3
0.3,2,0.5315315315315315,0.5531914893617021,[[30 22] [30 29]],11_4
0.3,2,0.5405405405405406,0.6170212765957447,[[31 21] [30 29]],11_5
0.3,2,0.6936936936936937,0.6382978723404256,[[45  7] [27 32]],16_1
0.3,2,0.6216216216216216,0.574468085106383,[[45  7] [35 24]],16_2
0.3,2,0.6486486486486487,0.5531914893617021,[[42 10] [29 30]],16_3
0.3,2,0.6486486486486487,0.5106382978723404,[[41 11] [28 31]],16_4
0.3,2,0.6126126126126126,0.5106382978723404,[[37 15] [28 31]],16_5
0.3,2,0.5765765765765766,0.6382978723404256,[[17 35] [12 47]],21_1
0.3,2,0.5945945945945946,0.574468085106383,[[ 9 43] [ 2 57]],21_2
0.3,2,0.5945945945945946,0.5319148936170213,[[ 9 43] [ 2 57]],21_3
0.3,2,0.5765765765765766,0.5319148936170213,[[ 8 44] [ 3 56]],21_4
0.3,2,0.5675675675675675,0.5319148936170213,[[ 7 45] [ 3 56]],21_5
0.3,2,0.6306306306306306,0.574468085106383,[[22 30] [11 48]],26_1
0.3,2,0.6126126126126126,0.5319148936170213,[[12 40] [ 3 56]],26_2
0.3,2,0.5585585585585585,0.5531914893617021,[[ 7 45] [ 4 55]],26_3
0.3,2,0.5585585585585585,0.5531914893617021,[[ 5 47] [ 2 57]],26_4
0.3,2,0.5585585585585585,0.5531914893617021,[[ 4 48] [ 1 58]],26_5
0.3,3,0.6576576576576577,1.0,[[35 16] [22 38]],1_1
0.3,3,0.6486486486486487,1.0,[[34 17] [22 38]],1_2
0.3,3,0.6396396396396397,1.0,[[34 17] [23 37]],1_3
0.3,3,0.6216216216216216,1.0,[[36 15] [27 33]],1_4
0.3,3,0.6126126126126126,1.0,[[36 15] [28 32]],1_5
0.3,3,0.5675675675675675,0.7446808510638298,[[42  9] [39 21]],6_1
0.3,3,0.5315315315315315,0.7659574468085106,[[41 10] [42 18]],6_2
0.3,3,0.5315315315315315,0.7021276595744681,[[39 12] [40 20]],6_3
0.3,3,0.5405405405405406,0.723404255319149,[[38 13] [38 22]],6_4
0.3,3,0.5405405405405406,0.723404255319149,[[38 13] [38 22]],6_5
0.3,3,0.5855855855855856,0.6170212765957447,[[40 11] [35 25]],11_1
0.3,3,0.5945945945945946,0.6808510638297872,[[43  8] [37 23]],11_2
0.3,3,0.5945945945945946,0.6595744680851063,[[43  8] [37 23]],11_3
0.3,3,0.5945945945945946,0.6170212765957447,[[43  8] [37 23]],11_4
0.3,3,0.5855855855855856,0.574468085106383,[[43  8] [38 22]],11_5
0.3,3,0.6036036036036037,0.6382978723404256,[[49  2] [42 18]],16_1
0.3,3,0.5855855855855856,0.6170212765957447,[[50  1] [45 15]],16_2
0.3,3,0.5405405405405406,0.574468085106383,[[49  2] [49 11]],16_3
0.3,3,0.5495495495495496,0.574468085106383,[[50  1] [49 11]],16_4
0.3,3,0.5405405405405406,0.574468085106383,[[50  1] [50 10]],16_5
0.3,3,0.5855855855855856,0.5957446808510638,[[48  3] [43 17]],21_1
0.3,3,0.5585585585585585,0.6382978723404256,[[40 11] [38 22]],21_2
0.3,3,0.5495495495495496,0.6170212765957447,[[38 13] [37 23]],21_3
0.3,3,0.5315315315315315,0.574468085106383,[[37 14] [38 22]],21_4
0.3,3,0.5135135135135135,0.574468085106383,[[37 14] [40 20]],21_5
0.3,3,0.5315315315315315,0.574468085106383,[[51  0] [52  8]],26_1
0.3,3,0.4864864864864865,0.5531914893617021,[[43  8] [49 11]],26_2
0.3,3,0.4864864864864865,0.5531914893617021,[[41 10] [47 13]],26_3
0.3,3,0.4954954954954955,0.5531914893617021,[[41 10] [46 14]],26_4
0.3,3,0.4954954954954955,0.5531914893617021,[[41 10] [46 14]],26_5
0.3,4,0.6216216216216216,1.0,[[34 20] [22 35]],1_1
0.3,4,0.6396396396396397,1.0,[[36 18] [22 35]],1_2
0.3,4,0.6036036036036037,1.0,[[34 20] [24 33]],1_3
0.3,4,0.6216216216216216,1.0,[[36 18] [24 33]],1_4
0.3,4,0.6216216216216216,1.0,[[36 18] [24 33]],1_5
0.3,4,0.5765765765765766,0.6808510638297872,[[38 16] [31 26]],6_1
0.3,4,0.5765765765765766,0.7021276595744681,[[38 16] [31 26]],6_2
0.3,4,0.5855855855855856,0.6808510638297872,[[37 17] [29 28]],6_3
0.3,4,0.5855855855855856,0.6808510638297872,[[37 17] [29 28]],6_4
0.3,4,0.5855855855855856,0.6808510638297872,[[37 17] [29 28]],6_5
0.3,4,0.6216216216216216,0.6595744680851063,[[33 21] [21 36]],11_1
0.3,4,0.5765765765765766,0.6382978723404256,[[32 22] [25 32]],11_2
0.3,4,0.5945945945945946,0.6595744680851063,[[33 21] [24 33]],11_3
0.3,4,0.5855855855855856,0.6808510638297872,[[33 21] [25 32]],11_4
0.3,4,0.5765765765765766,0.6808510638297872,[[32 22] [25 32]],11_5
0.3,4,0.6486486486486487,0.723404255319149,[[40 14] [25 32]],16_1
0.3,4,0.5945945945945946,0.5957446808510638,[[39 15] [30 27]],16_2
0.3,4,0.5945945945945946,0.6170212765957447,[[42 12] [33 24]],16_3
0.3,4,0.5765765765765766,0.5957446808510638,[[42 12] [35 22]],16_4
0.3,4,0.5675675675675675,0.5957446808510638,[[42 12] [36 21]],16_5
0.3,4,0.5855855855855856,0.6808510638297872,[[28 26] [20 37]],21_1
0.3,4,0.5765765765765766,0.6808510638297872,[[23 31] [16 41]],21_2
0.3,4,0.5585585585585585,0.6382978723404256,[[19 35] [14 43]],21_3
0.3,4,0.5585585585585585,0.6382978723404256,[[19 35] [14 43]],21_4
0.3,4,0.5675675675675675,0.6382978723404256,[[19 35] [13 44]],21_5
0.3,4,0.6126126126126126,0.5957446808510638,[[27 27] [16 41]],26_1
0.3,4,0.5495495495495496,0.574468085106383,[[29 25] [25 32]],26_2
0.3,4,0.5405405405405406,0.5957446808510638,[[30 24] [27 30]],26_3
0.3,4,0.5495495495495496,0.574468085106383,[[31 23] [27 30]],26_4
0.3,4,0.5405405405405406,0.574468085106383,[[31 23] [28 29]],26_5
0.3,5,0.6126126126126126,1.0,[[35 17] [26 33]],1_1
0.3,5,0.5945945945945946,1.0,[[36 16] [29 30]],1_2
0.3,5,0.6126126126126126,1.0,[[36 16] [27 32]],1_3
0.3,5,0.6036036036036037,1.0,[[35 17] [27 32]],1_4
0.3,5,0.6216216216216216,1.0,[[36 16] [26 33]],1_5
0.3,5,0.5765765765765766,0.723404255319149,[[41 11] [36 23]],6_1
0.3,5,0.5315315315315315,0.7659574468085106,[[38 14] [38 21]],6_2
0.3,5,0.5405405405405406,0.7659574468085106,[[39 13] [38 21]],6_3
0.3,5,0.5585585585585585,0.7659574468085106,[[40 12] [37 22]],6_4
0.3,5,0.5405405405405406,0.7659574468085106,[[39 13] [38 21]],6_5
0.3,5,0.5855855855855856,0.7446808510638298,[[32 20] [26 33]],11_1
0.3,5,0.5585585585585585,0.7021276595744681,[[30 22] [27 32]],11_2
0.3,5,0.5315315315315315,0.6808510638297872,[[27 25] [27 32]],11_3
0.3,5,0.5405405405405406,0.7021276595744681,[[28 24] [27 32]],11_4
0.3,5,0.5315315315315315,0.7021276595744681,[[24 28] [24 35]],11_5
0.3,5,0.5675675675675675,0.723404255319149,[[34 18] [30 29]],16_1
0.3,5,0.5315315315315315,0.723404255319149,[[28 24] [28 31]],16_2
0.3,5,0.5045045045045045,0.6808510638297872,[[27 25] [30 29]],16_3
0.3,5,0.5225225225225225,0.6808510638297872,[[28 24] [29 30]],16_4
0.3,5,0.5045045045045045,0.6808510638297872,[[26 26] [29 30]],16_5
0.3,5,0.5945945945945946,0.7021276595744681,[[29 23] [22 37]],21_1
0.3,5,0.5045045045045045,0.6382978723404256,[[20 32] [23 36]],21_2
0.3,5,0.5225225225225225,0.6382978723404256,[[21 31] [22 37]],21_3
0.3,5,0.5045045045045045,0.6382978723404256,[[19 33] [22 37]],21_4
0.3,5,0.5135135135135135,0.6382978723404256,[[19 33] [21 38]],21_5
0.3,5,0.5945945945945946,0.723404255319149,[[27 25] [20 39]],26_1
0.3,5,0.4954954954954955,0.7021276595744681,[[21 31] [25 34]],26_2
0.3,5,0.5045045045045045,0.6808510638297872,[[21 31] [24 35]],26_3
0.3,5,0.5225225225225225,0.7021276595744681,[[21 31] [22 37]],26_4
0.3,5,0.5405405405405406,0.7021276595744681,[[22 30] [21 38]],26_5
0.3,6,0.6396396396396397,1.0,[[29 26] [14 42]],1_1
0.3,6,0.6306306306306306,1.0,[[29 26] [15 41]],1_2
0.3,6,0.6216216216216216,1.0,[[28 27] [15 41]],1_3
0.3,6,0.6126126126126126,1.0,[[26 29] [14 42]],1_4
0.3,6,0.6126126126126126,1.0,[[26 29] [14 42]],1_5
0.3,6,0.6486486486486487,0.6808510638297872,[[38 17] [22 34]],6_1
0.3,6,0.6216216216216216,0.7021276595744681,[[35 20] [22 34]],6_2
0.3,6,0.6216216216216216,0.6382978723404256,[[35 20] [22 34]],6_3
0.3,6,0.6036036036036037,0.5957446808510638,[[33 22] [22 34]],6_4
0.3,6,0.6306306306306306,0.5957446808510638,[[33 22] [19 37]],6_5
0.3,6,0.5945945945945946,0.723404255319149,[[22 33] [12 44]],11_1
0.3,6,0.6036036036036037,0.7021276595744681,[[21 34] [10 46]],11_2
0.3,6,0.6036036036036037,0.6808510638297872,[[21 34] [10 46]],11_3
0.3,6,0.5945945945945946,0.6808510638297872,[[19 36] [ 9 47]],11_4
0.3,6,0.6126126126126126,0.6808510638297872,[[20 35] [ 8 48]],11_5
0.3,6,0.6486486486486487,0.723404255319149,[[28 27] [12 44]],16_1
0.3,6,0.5495495495495496,0.6595744680851063,[[26 29] [21 35]],16_2
0.3,6,0.5315315315315315,0.6595744680851063,[[25 30] [22 34]],16_3
0.3,6,0.5405405405405406,0.6595744680851063,[[25 30] [21 35]],16_4
0.3,6,0.5495495495495496,0.6382978723404256,[[25 30] [20 36]],16_5
0.3,6,0.5945945945945946,0.7021276595744681,[[18 37] [ 8 48]],21_1
0.3,6,0.5675675675675675,0.7021276595744681,[[11 44] [ 4 52]],21_2
0.3,6,0.5495495495495496,0.6595744680851063,[[ 9 46] [ 4 52]],21_3
0.3,6,0.5315315315315315,0.6595744680851063,[[ 8 47] [ 5 51]],21_4
0.3,6,0.5225225225225225,0.6595744680851063,[[ 8 47] [ 6 50]],21_5
0.3,6,0.6126126126126126,0.7021276595744681,[[17 38] [ 5 51]],26_1
0.3,6,0.5945945945945946,0.6808510638297872,[[11 44] [ 1 55]],26_2
0.3,6,0.5495495495495496,0.6595744680851063,[[ 6 49] [ 1 55]],26_3
0.3,6,0.5315315315315315,0.6382978723404256,[[ 3 52] [ 0 56]],26_4
0.3,6,0.5225225225225225,0.6382978723404256,[[ 2 53] [ 0 56]],26_5
0.3,7,0.6756756756756757,1.0,[[33 18] [18 42]],1_1
0.3,7,0.6666666666666666,1.0,[[31 20] [17 43]],1_2
0.3,7,0.6936936936936937,1.0,[[32 19] [15 45]],1_3
0.3,7,0.6846846846846847,1.0,[[30 21] [14 46]],1_4
0.3,7,0.6576576576576577,1.0,[[28 23] [15 45]],1_5
0.3,7,0.5765765765765766,0.6595744680851063,[[42  9] [38 22]],6_1
0.3,7,0.6036036036036037,0.6595744680851063,[[41 10] [34 26]],6_2
0.3,7,0.5585585585585585,0.6595744680851063,[[38 13] [36 24]],6_3
0.3,7,0.5585585585585585,0.6595744680851063,[[38 13] [36 24]],6_4
0.3,7,0.5585585585585585,0.6595744680851063,[[38 13] [36 24]],6_5
0.3,7,0.5945945945945946,0.7021276595744681,[[34 17] [28 32]],11_1
0.3,7,0.5585585585585585,0.6170212765957447,[[36 15] [34 26]],11_2
0.3,7,0.5315315315315315,0.5957446808510638,[[36 15] [37 23]],11_3
0.3,7,0.5315315315315315,0.5957446808510638,[[36 15] [37 23]],11_4
0.3,7,0.5315315315315315,0.5957446808510638,[[36 15] [37 23]],11_5
0.3,7,0.5855855855855856,0.5957446808510638,[[46  5] [41 19]],16_1
0.3,7,0.5315315315315315,0.5957446808510638,[[43  8] [44 16]],16_2
0.3,7,0.5135135135135135,0.6170212765957447,[[43  8] [46 14]],16_3
0.3,7,0.5135135135135135,0.5957446808510638,[[43  8] [46 14]],16_4
0.3,7,0.5135135135135135,0.574468085106383,[[43  8] [46 14]],16_5
0.3,7,0.5765765765765766,0.6808510638297872,[[32 19] [28 32]],21_1
0.3,7,0.5585585585585585,0.6382978723404256,[[31 20] [29 31]],21_2
0.3,7,0.5675675675675675,0.6382978723404256,[[28 23] [25 35]],21_3
0.3,7,0.5585585585585585,0.6170212765957447,[[27 24] [25 35]],21_4
0.3,7,0.5225225225225225,0.6170212765957447,[[22 29] [24 36]],21_5
0.3,7,0.5495495495495496,0.6382978723404256,[[33 18] [32 28]],26_1
0.3,7,0.5675675675675675,0.6382978723404256,[[34 17] [31 29]],26_2
0.3,7,0.5585585585585585,0.6382978723404256,[[31 20] [29 31]],26_3
0.3,7,0.5585585585585585,0.6808510638297872,[[31 20] [29 31]],26_4
0.3,7,0.5405405405405406,0.6808510638297872,[[30 21] [30 30]],26_5
0.3,8,0.5585585585585585,1.0,[[29 24] [25 33]],1_1
0.3,8,0.6036036036036037,1.0,[[32 21] [23 35]],1_2
0.3,8,0.6126126126126126,1.0,[[33 20] [23 35]],1_3
0.3,8,0.6216216216216216,1.0,[[32 21] [21 37]],1_4
0.3,8,0.6216216216216216,1.0,[[32 21] [21 37]],1_5
0.3,8,0.7117117117117117,0.6382978723404256,[[44  9] [23 35]],6_1
0.3,8,0.6846846846846847,0.6595744680851063,[[46  7] [28 30]],6_2
0.3,8,0.6486486486486487,0.6595744680851063,[[44  9] [30 28]],6_3
0.3,8,0.6486486486486487,0.6595744680851063,[[43 10] [29 29]],6_4
0.3,8,0.6216216216216216,0.6595744680851063,[[41 12] [30 28]],6_5
0.3,8,0.7117117117117117,0.6382978723404256,[[36 17] [15 43]],11_1
0.3,8,0.6216216216216216,0.6808510638297872,[[34 19] [23 35]],11_2
0.3,8,0.5765765765765766,0.6808510638297872,[[31 22] [25 33]],11_3
0.3,8,0.5495495495495496,0.6382978723404256,[[28 25] [25 33]],11_4
0.3,8,0.5495495495495496,0.5957446808510638,[[29 24] [26 32]],11_5
0.3,8,0.7207207207207207,0.6170212765957447,[[42 11] [20 38]],16_1
0.3,8,0.6396396396396397,0.5531914893617021,[[31 22] [18 40]],16_2
0.3,8,0.6486486486486487,0.574468085106383,[[26 27] [12 46]],16_3
0.3,8,0.6216216216216216,0.5106382978723404,[[21 32] [10 48]],16_4
0.3,8,0.6036036036036037,0.48936170212765956,[[19 34] [10 48]],16_5
0.3,8,0.6216216216216216,0.5957446808510638,[[22 31] [11 47]],21_1
0.3,8,0.5855855855855856,0.5957446808510638,[[ 8 45] [ 1 57]],21_2
0.3,8,0.5495495495495496,0.6170212765957447,[[ 3 50] [ 0 58]],21_3
0.3,8,0.5405405405405406,0.5957446808510638,[[ 2 51] [ 0 58]],21_4
0.3,8,0.5315315315315315,0.574468085106383,[[ 1 52] [ 0 58]],21_5
0.3,8,0.6216216216216216,0.5319148936170213,[[18 35] [ 7 51]],26_1
0.3,8,0.5315315315315315,0.5531914893617021,[[ 1 52] [ 0 58]],26_2
0.3,8,0.5225225225225225,0.574468085106383,[[ 0 53] [ 0 58]],26_3
0.3,8,0.5225225225225225,0.574468085106383,[[ 0 53] [ 0 58]],26_4
0.3,8,0.5225225225225225,0.574468085106383,[[ 0 53] [ 0 58]],26_5
0.3,9,0.6306306306306306,1.0,[[37 15] [26 33]],1_1
0.3,9,0.6126126126126126,1.0,[[34 18] [25 34]],1_2
0.3,9,0.6036036036036037,1.0,[[33 19] [25 34]],1_3
0.3,9,0.6126126126126126,1.0,[[34 18] [25 34]],1_4
0.3,9,0.6036036036036037,1.0,[[34 18] [26 33]],1_5
0.3,9,0.6036036036036037,0.723404255319149,[[38 14] [30 29]],6_1
0.3,9,0.5765765765765766,0.6595744680851063,[[38 14] [33 26]],6_2
0.3,9,0.5765765765765766,0.6382978723404256,[[38 14] [33 26]],6_3
0.3,9,0.5585585585585585,0.6382978723404256,[[37 15] [34 25]],6_4
0.3,9,0.5675675675675675,0.6382978723404256,[[37 15] [33 26]],6_5
0.3,9,0.5675675675675675,0.7446808510638298,[[33 19] [29 30]],11_1
0.3,9,0.5675675675675675,0.6595744680851063,[[33 19] [29 30]],11_2
0.3,9,0.6216216216216216,0.6808510638297872,[[33 19] [23 36]],11_3
0.3,9,0.6216216216216216,0.6595744680851063,[[31 21] [21 38]],11_4
0.3,9,0.6216216216216216,0.6595744680851063,[[31 21] [21 38]],11_5
0.3,9,0.6486486486486487,0.7659574468085106,[[44  8] [31 28]],16_1
0.3,9,0.5675675675675675,0.5957446808510638,[[48  4] [44 15]],16_2
0.3,9,0.5675675675675675,0.5957446808510638,[[49  3] [45 14]],16_3
0.3,9,0.5855855855855856,0.5957446808510638,[[51  1] [45 14]],16_4
0.3,9,0.6036036036036037,0.5957446808510638,[[50  2] [42 17]],16_5
0.3,9,0.5855855855855856,0.7659574468085106,[[36 16] [30 29]],21_1
0.3,9,0.6216216216216216,0.7446808510638298,[[33 19] [23 36]],21_2
0.3,9,0.5405405405405406,0.6808510638297872,[[25 27] [24 35]],21_3
0.3,9,0.5315315315315315,0.5957446808510638,[[25 27] [25 34]],21_4
0.3,9,0.5135135135135135,0.5957446808510638,[[24 28] [26 33]],21_5
0.3,9,0.6576576576576577,0.8085106382978723,[[45  7] [31 28]],26_1
0.3,9,0.6126126126126126,0.7446808510638298,[[30 22] [21 38]],26_2
0.3,9,0.6126126126126126,0.7872340425531915,[[32 20] [23 36]],26_3
0.3,9,0.5405405405405406,0.6170212765957447,[[29 23] [28 31]],26_4
0.3,9,0.5495495495495496,0.6170212765957447,[[29 23] [27 32]],26_5
0.5,0,0.6582278481012658,1.0,[[25 12] [15 27]],1_1
0.5,0,0.6708860759493671,1.0,[[28  9] [17 25]],1_2
0.5,0,0.6329113924050633,1.0,[[26 11] [18 24]],1_3
0.5,0,0.620253164556962,1.0,[[26 11] [19 23]],1_4
0.5,0,0.6075949367088608,1.0,[[26 11] [20 22]],1_5
0.5,0,0.6835443037974683,0.7468354430379747,[[34  3] [22 20]],6_1
0.5,0,0.6455696202531646,0.6582278481012658,[[31  6] [22 20]],6_2
0.5,0,0.6075949367088608,0.6329113924050633,[[30  7] [24 18]],6_3
0.5,0,0.5822784810126582,0.620253164556962,[[30  7] [26 16]],6_4
0.5,0,0.5949367088607594,0.6329113924050633,[[30  7] [25 17]],6_5
0.5,0,0.620253164556962,0.620253164556962,[[28  9] [21 21]],11_1
0.5,0,0.6455696202531646,0.6455696202531646,[[29  8] [20 22]],11_2
0.5,0,0.6075949367088608,0.6075949367088608,[[27 10] [21 21]],11_3
0.5,0,0.6075949367088608,0.569620253164557,[[26 11] [20 22]],11_4
0.5,0,0.6075949367088608,0.5569620253164557,[[25 12] [19 23]],11_5
0.5,0,0.6455696202531646,0.6329113924050633,[[35  2] [26 16]],16_1
0.5,0,0.6075949367088608,0.5443037974683544,[[31  6] [25 17]],16_2
0.5,0,0.6075949367088608,0.5443037974683544,[[30  7] [24 18]],16_3
0.5,0,0.5949367088607594,0.5569620253164557,[[30  7] [25 17]],16_4
0.5,0,0.5949367088607594,0.5443037974683544,[[29  8] [24 18]],16_5
0.5,0,0.5949367088607594,0.620253164556962,[[31  6] [26 16]],21_1
0.5,0,0.5189873417721519,0.569620253164557,[[28  9] [29 13]],21_2
0.5,0,0.6075949367088608,0.5569620253164557,[[28  9] [22 20]],21_3
0.5,0,0.620253164556962,0.5443037974683544,[[28  9] [21 21]],21_4
0.5,0,0.6329113924050633,0.5316455696202531,[[28  9] [20 22]],21_5
0.5,0,0.6455696202531646,0.6582278481012658,[[36  1] [27 15]],26_1
0.5,0,0.5949367088607594,0.5822784810126582,[[36  1] [31 11]],26_2
0.5,0,0.5569620253164557,0.5443037974683544,[[34  3] [32 10]],26_3
0.5,0,0.5443037974683544,0.569620253164557,[[33  4] [32 10]],26_4
0.5,0,0.5443037974683544,0.569620253164557,[[32  5] [31 11]],26_5
0.5,1,0.6582278481012658,1.0,[[26 10] [17 26]],1_1
0.5,1,0.6582278481012658,1.0,[[28  8] [19 24]],1_2
0.5,1,0.6455696202531646,1.0,[[28  8] [20 23]],1_3
0.5,1,0.6455696202531646,1.0,[[28  8] [20 23]],1_4
0.5,1,0.6708860759493671,1.0,[[29  7] [19 24]],1_5
0.5,1,0.5316455696202531,0.6962025316455697,[[30  6] [31 12]],6_1
0.5,1,0.5063291139240507,0.7088607594936709,[[29  7] [32 11]],6_2
0.5,1,0.4810126582278481,0.6835443037974683,[[28  8] [33 10]],6_3
0.5,1,0.4936708860759494,0.6835443037974683,[[28  8] [32 11]],6_4
0.5,1,0.4936708860759494,0.6835443037974683,[[28  8] [32 11]],6_5
0.5,1,0.5949367088607594,0.6962025316455697,[[29  7] [25 18]],11_1
0.5,1,0.5949367088607594,0.6962025316455697,[[29  7] [25 18]],11_2
0.5,1,0.6075949367088608,0.6329113924050633,[[29  7] [24 19]],11_3
0.5,1,0.6075949367088608,0.6455696202531646,[[28  8] [23 20]],11_4
0.5,1,0.6075949367088608,0.6075949367088608,[[28  8] [23 20]],11_5
0.5,1,0.6075949367088608,0.569620253164557,[[33  3] [28 15]],16_1
0.5,1,0.569620253164557,0.5569620253164557,[[30  6] [28 15]],16_2
0.5,1,0.5443037974683544,0.5569620253164557,[[29  7] [29 14]],16_3
0.5,1,0.569620253164557,0.620253164556962,[[29  7] [27 16]],16_4
0.5,1,0.569620253164557,0.620253164556962,[[29  7] [27 16]],16_5
0.5,1,0.6582278481012658,0.620253164556962,[[32  4] [23 20]],21_1
0.5,1,0.6075949367088608,0.6075949367088608,[[28  8] [23 20]],21_2
0.5,1,0.5569620253164557,0.6455696202531646,[[27  9] [26 17]],21_3
0.5,1,0.5822784810126582,0.6455696202531646,[[27  9] [24 19]],21_4
0.5,1,0.5949367088607594,0.6455696202531646,[[28  8] [24 19]],21_5
0.5,1,0.6455696202531646,0.6582278481012658,[[35  1] [27 16]],26_1
0.5,1,0.620253164556962,0.5822784810126582,[[33  3] [27 16]],26_2
0.5,1,0.5822784810126582,0.6075949367088608,[[28  8] [25 18]],26_3
0.5,1,0.6075949367088608,0.6329113924050633,[[28  8] [23 20]],26_4
0.5,1,0.5949367088607594,0.6329113924050633,[[27  9] [23 20]],26_5
0.5,2,0.6329113924050633,1.0,[[22 15] [14 28]],1_1
0.5,2,0.6582278481012658,1.0,[[22 15] [12 30]],1_2
0.5,2,0.6582278481012658,1.0,[[22 15] [12 30]],1_3
0.5,2,0.6582278481012658,1.0,[[22 15] [12 30]],1_4
0.5,2,0.6455696202531646,1.0,[[21 16] [12 30]],1_5
0.5,2,0.6075949367088608,0.6835443037974683,[[25 12] [19 23]],6_1
0.5,2,0.6329113924050633,0.6455696202531646,[[25 12] [17 25]],6_2
0.5,2,0.6455696202531646,0.6835443037974683,[[25 12] [16 26]],6_3
0.5,2,0.620253164556962,0.6708860759493671,[[23 14] [16 26]],6_4
0.5,2,0.620253164556962,0.6582278481012658,[[23 14] [16 26]],6_5
0.5,2,0.6962025316455697,0.6708860759493671,[[23 14] [10 32]],11_1
0.5,2,0.6962025316455697,0.6582278481012658,[[22 15] [ 9 33]],11_2
0.5,2,0.6455696202531646,0.6075949367088608,[[21 16] [12 30]],11_3
0.5,2,0.6329113924050633,0.5949367088607594,[[20 17] [12 30]],11_4
0.5,2,0.6329113924050633,0.620253164556962,[[20 17] [12 30]],11_5
0.5,2,0.7088607594936709,0.7341772151898734,[[29  8] [15 27]],16_1
0.5,2,0.6329113924050633,0.6075949367088608,[[27 10] [19 23]],16_2
0.5,2,0.5949367088607594,0.5569620253164557,[[25 12] [20 22]],16_3
0.5,2,0.5822784810126582,0.6075949367088608,[[25 12] [21 21]],16_4
0.5,2,0.5949367088607594,0.620253164556962,[[26 11] [21 21]],16_5
0.5,2,0.6329113924050633,0.6708860759493671,[[21 16] [13 29]],21_1
0.5,2,0.6075949367088608,0.620253164556962,[[23 14] [17 25]],21_2
0.5,2,0.5822784810126582,0.5822784810126582,[[22 15] [18 24]],21_3
0.5,2,0.569620253164557,0.5949367088607594,[[23 14] [20 22]],21_4
0.5,2,0.5569620253164557,0.5949367088607594,[[22 15] [20 22]],21_5
0.5,2,0.6962025316455697,0.620253164556962,[[27 10] [14 28]],26_1
0.5,2,0.6075949367088608,0.5949367088607594,[[25 12] [19 23]],26_2
0.5,2,0.5949367088607594,0.5822784810126582,[[26 11] [21 21]],26_3
0.5,2,0.5949367088607594,0.569620253164557,[[25 12] [20 22]],26_4
0.5,2,0.5822784810126582,0.5569620253164557,[[24 13] [20 22]],26_5
0.5,3,0.620253164556962,1.0,[[20 14] [16 29]],1_1
0.5,3,0.6075949367088608,1.0,[[18 16] [15 30]],1_2
0.5,3,0.6075949367088608,1.0,[[17 17] [14 31]],1_3
0.5,3,0.5822784810126582,1.0,[[19 15] [18 27]],1_4
0.5,3,0.5822784810126582,1.0,[[20 14] [19 26]],1_5
0.5,3,0.5569620253164557,0.6582278481012658,[[27  7] [28 17]],6_1
0.5,3,0.5189873417721519,0.6835443037974683,[[27  7] [31 14]],6_2
0.5,3,0.4936708860759494,0.6962025316455697,[[26  8] [32 13]],6_3
0.5,3,0.4810126582278481,0.7215189873417721,[[26  8] [33 12]],6_4
0.5,3,0.5063291139240507,0.7215189873417721,[[26  8] [31 14]],6_5
0.5,3,0.5316455696202531,0.6835443037974683,[[24 10] [27 18]],11_1
0.5,3,0.5063291139240507,0.6962025316455697,[[23 11] [28 17]],11_2
0.5,3,0.5316455696202531,0.6835443037974683,[[23 11] [26 19]],11_3
0.5,3,0.5063291139240507,0.6708860759493671,[[21 13] [26 19]],11_4
0.5,3,0.4936708860759494,0.6582278481012658,[[20 14] [26 19]],11_5
0.5,3,0.5569620253164557,0.620253164556962,[[26  8] [27 18]],16_1
0.5,3,0.5316455696202531,0.620253164556962,[[24 10] [27 18]],16_2
0.5,3,0.4810126582278481,0.6329113924050633,[[22 12] [29 16]],16_3
0.5,3,0.4936708860759494,0.6708860759493671,[[22 12] [28 17]],16_4
0.5,3,0.4936708860759494,0.6835443037974683,[[22 12] [28 17]],16_5
0.5,3,0.5949367088607594,0.6455696202531646,[[28  6] [26 19]],21_1
0.5,3,0.5316455696202531,0.6075949367088608,[[25  9] [28 17]],21_2
0.5,3,0.5443037974683544,0.5569620253164557,[[24 10] [26 19]],21_3
0.5,3,0.5443037974683544,0.5443037974683544,[[24 10] [26 19]],21_4
0.5,3,0.5822784810126582,0.5569620253164557,[[25  9] [24 21]],21_5
0.5,3,0.5949367088607594,0.6329113924050633,[[31  3] [29 16]],26_1
0.5,3,0.5443037974683544,0.5822784810126582,[[32  2] [34 11]],26_2
0.5,3,0.5443037974683544,0.5822784810126582,[[33  1] [35 10]],26_3
0.5,3,0.5189873417721519,0.5949367088607594,[[33  1] [37  8]],26_4
0.5,3,0.5189873417721519,0.5949367088607594,[[33  1] [37  8]],26_5
0.5,4,0.6582278481012658,1.0,[[27 14] [13 25]],1_1
0.5,4,0.6455696202531646,1.0,[[27 14] [14 24]],1_2
0.5,4,0.6075949367088608,1.0,[[25 16] [15 23]],1_3
0.5,4,0.6455696202531646,1.0,[[28 13] [15 23]],1_4
0.5,4,0.6582278481012658,1.0,[[28 13] [14 24]],1_5
0.5,4,0.5822784810126582,0.7088607594936709,[[23 18] [15 23]],6_1
0.5,4,0.5949367088607594,0.6962025316455697,[[23 18] [14 24]],6_2
0.5,4,0.620253164556962,0.7215189873417721,[[24 17] [13 25]],6_3
0.5,4,0.620253164556962,0.7088607594936709,[[24 17] [13 25]],6_4
0.5,4,0.620253164556962,0.7215189873417721,[[24 17] [13 25]],6_5
0.5,4,0.6835443037974683,0.6835443037974683,[[25 16] [ 9 29]],11_1
0.5,4,0.620253164556962,0.6835443037974683,[[20 21] [ 9 29]],11_2
0.5,4,0.6075949367088608,0.6582278481012658,[[21 20] [11 27]],11_3
0.5,4,0.620253164556962,0.6962025316455697,[[22 19] [11 27]],11_4
0.5,4,0.620253164556962,0.6962025316455697,[[22 19] [11 27]],11_5
0.5,4,0.620253164556962,0.6329113924050633,[[23 18] [12 26]],16_1
0.5,4,0.6329113924050633,0.6582278481012658,[[22 19] [10 28]],16_2
0.5,4,0.6329113924050633,0.6835443037974683,[[23 18] [11 27]],16_3
0.5,4,0.620253164556962,0.6835443037974683,[[22 19] [11 27]],16_4
0.5,4,0.6329113924050633,0.6962025316455697,[[23 18] [11 27]],16_5
0.5,4,0.6835443037974683,0.6075949367088608,[[26 15] [10 28]],21_1
0.5,4,0.6329113924050633,0.569620253164557,[[23 18] [11 27]],21_2
0.5,4,0.569620253164557,0.6455696202531646,[[21 20] [14 24]],21_3
0.5,4,0.569620253164557,0.6075949367088608,[[21 20] [14 24]],21_4
0.5,4,0.5822784810126582,0.6329113924050633,[[22 19] [14 24]],21_5
0.5,4,0.7468354430379747,0.620253164556962,[[31 10] [10 28]],26_1
0.5,4,0.7215189873417721,0.6835443037974683,[[31 10] [12 26]],26_2
0.5,4,0.6708860759493671,0.6582278481012658,[[28 13] [13 25]],26_3
0.5,4,0.6329113924050633,0.6582278481012658,[[27 14] [15 23]],26_4
0.5,4,0.620253164556962,0.6455696202531646,[[25 16] [14 24]],26_5
0.5,5,0.620253164556962,1.0,[[24  8] [22 25]],1_1
0.5,5,0.620253164556962,1.0,[[24  8] [22 25]],1_2
0.5,5,0.620253164556962,1.0,[[23  9] [21 26]],1_3
0.5,5,0.6329113924050633,1.0,[[23  9] [20 27]],1_4
0.5,5,0.6329113924050633,1.0,[[23  9] [20 27]],1_5
0.5,5,0.569620253164557,0.7848101265822784,[[26  6] [28 19]],6_1
0.5,5,0.5316455696202531,0.7974683544303798,[[26  6] [31 16]],6_2
0.5,5,0.5443037974683544,0.7468354430379747,[[25  7] [29 18]],6_3
0.5,5,0.5569620253164557,0.6962025316455697,[[25  7] [28 19]],6_4
0.5,5,0.569620253164557,0.6962025316455697,[[25  7] [27 20]],6_5
0.5,5,0.5949367088607594,0.6835443037974683,[[26  6] [26 21]],11_1
0.5,5,0.569620253164557,0.7088607594936709,[[24  8] [26 21]],11_2
0.5,5,0.5189873417721519,0.7088607594936709,[[24  8] [30 17]],11_3
0.5,5,0.4936708860759494,0.6962025316455697,[[22 10] [30 17]],11_4
0.5,5,0.4936708860759494,0.6962025316455697,[[21 11] [29 18]],11_5
0.5,5,0.5569620253164557,0.6835443037974683,[[28  4] [31 16]],16_1
0.5,5,0.4810126582278481,0.6582278481012658,[[25  7] [34 13]],16_2
0.5,5,0.4810126582278481,0.7215189873417721,[[23  9] [32 15]],16_3
0.5,5,0.4936708860759494,0.6962025316455697,[[23  9] [31 16]],16_4
0.5,5,0.4936708860759494,0.7088607594936709,[[23  9] [31 16]],16_5
0.5,5,0.5443037974683544,0.7215189873417721,[[24  8] [28 19]],21_1
0.5,5,0.5443037974683544,0.6455696202531646,[[22 10] [26 21]],21_2
0.5,5,0.5189873417721519,0.6708860759493671,[[18 14] [24 23]],21_3
0.5,5,0.5189873417721519,0.6329113924050633,[[18 14] [24 23]],21_4
0.5,5,0.5443037974683544,0.5949367088607594,[[18 14] [22 25]],21_5
0.5,5,0.5949367088607594,0.6835443037974683,[[31  1] [31 16]],26_1
0.5,5,0.5316455696202531,0.6075949367088608,[[22 10] [27 20]],26_2
0.5,5,0.5189873417721519,0.5949367088607594,[[20 12] [26 21]],26_3
0.5,5,0.5189873417721519,0.569620253164557,[[18 14] [24 23]],26_4
0.5,5,0.4810126582278481,0.569620253164557,[[16 16] [25 22]],26_5
0.5,6,0.6329113924050633,1.0,[[26 12] [17 24]],1_1
0.5,6,0.5569620253164557,1.0,[[23 15] [20 21]],1_2
0.5,6,0.5822784810126582,1.0,[[23 15] [18 23]],1_3
0.5,6,0.5822784810126582,1.0,[[22 16] [17 24]],1_4
0.5,6,0.5822784810126582,1.0,[[22 16] [17 24]],1_5
0.5,6,0.6455696202531646,0.7215189873417721,[[28 10] [18 23]],6_1
0.5,6,0.620253164556962,0.6962025316455697,[[27 11] [19 22]],6_2
0.5,6,0.6582278481012658,0.7088607594936709,[[28 10] [17 24]],6_3
0.5,6,0.6455696202531646,0.7468354430379747,[[28 10] [18 23]],6_4
0.5,6,0.6582278481012658,0.7468354430379747,[[28 10] [17 24]],6_5
0.5,6,0.620253164556962,0.7088607594936709,[[23 15] [15 26]],11_1
0.5,6,0.569620253164557,0.6962025316455697,[[18 20] [14 27]],11_2
0.5,6,0.5569620253164557,0.6708860759493671,[[17 21] [14 27]],11_3
0.5,6,0.5569620253164557,0.6329113924050633,[[16 22] [13 28]],11_4
0.5,6,0.569620253164557,0.6455696202531646,[[16 22] [12 29]],11_5
0.5,6,0.6329113924050633,0.6835443037974683,[[27 11] [18 23]],16_1
0.5,6,0.6329113924050633,0.6329113924050633,[[23 15] [14 27]],16_2
0.5,6,0.620253164556962,0.6329113924050633,[[21 17] [13 28]],16_3
0.5,6,0.5822784810126582,0.620253164556962,[[19 19] [14 27]],16_4
0.5,6,0.569620253164557,0.620253164556962,[[18 20] [14 27]],16_5
0.5,6,0.6075949367088608,0.7468354430379747,[[22 16] [15 26]],21_1
0.5,6,0.5569620253164557,0.6329113924050633,[[22 16] [19 22]],21_2
0.5,6,0.5189873417721519,0.6075949367088608,[[19 19] [19 22]],21_3
0.5,6,0.5316455696202531,0.6455696202531646,[[19 19] [18 23]],21_4
0.5,6,0.5443037974683544,0.6582278481012658,[[20 18] [18 23]],21_5
0.5,6,0.620253164556962,0.6708860759493671,[[25 13] [17 24]],26_1
0.5,6,0.5316455696202531,0.620253164556962,[[22 16] [21 20]],26_2
0.5,6,0.4936708860759494,0.6329113924050633,[[20 18] [22 19]],26_3
0.5,6,0.5063291139240507,0.620253164556962,[[21 17] [22 19]],26_4
0.5,6,0.5316455696202531,0.6455696202531646,[[22 16] [21 20]],26_5
0.5,7,0.6962025316455697,1.0,[[25 12] [12 30]],1_1
0.5,7,0.6835443037974683,1.0,[[26 11] [14 28]],1_2
0.5,7,0.6329113924050633,1.0,[[23 14] [15 27]],1_3
0.5,7,0.6708860759493671,1.0,[[25 12] [14 28]],1_4
0.5,7,0.6582278481012658,1.0,[[24 13] [14 28]],1_5
0.5,7,0.6582278481012658,0.6835443037974683,[[35  2] [25 17]],6_1
0.5,7,0.6708860759493671,0.6329113924050633,[[33  4] [22 20]],6_2
0.5,7,0.6835443037974683,0.6708860759493671,[[35  2] [23 19]],6_3
0.5,7,0.6962025316455697,0.6708860759493671,[[35  2] [22 20]],6_4
0.5,7,0.6962025316455697,0.6582278481012658,[[35  2] [22 20]],6_5
0.5,7,0.620253164556962,0.6455696202531646,[[27 10] [20 22]],11_1
0.5,7,0.6329113924050633,0.5949367088607594,[[28  9] [20 22]],11_2
0.5,7,0.6329113924050633,0.5949367088607594,[[25 12] [17 25]],11_3
0.5,7,0.6582278481012658,0.6329113924050633,[[25 12] [15 27]],11_4
0.5,7,0.6455696202531646,0.6329113924050633,[[24 13] [15 27]],11_5
0.5,7,0.6329113924050633,0.620253164556962,[[31  6] [23 19]],16_1
0.5,7,0.5822784810126582,0.6835443037974683,[[30  7] [26 16]],16_2
0.5,7,0.620253164556962,0.6075949367088608,[[30  7] [23 19]],16_3
0.5,7,0.5569620253164557,0.5569620253164557,[[26 11] [24 18]],16_4
0.5,7,0.5443037974683544,0.5443037974683544,[[26 11] [25 17]],16_5
0.5,7,0.620253164556962,0.620253164556962,[[27 10] [20 22]],21_1
0.5,7,0.5949367088607594,0.569620253164557,[[26 11] [21 21]],21_2
0.5,7,0.5569620253164557,0.6455696202531646,[[23 14] [21 21]],21_3
0.5,7,0.569620253164557,0.6455696202531646,[[23 14] [20 22]],21_4
0.5,7,0.569620253164557,0.6075949367088608,[[23 14] [20 22]],21_5
0.5,7,0.620253164556962,0.6582278481012658,[[32  5] [25 17]],26_1
0.5,7,0.5822784810126582,0.6708860759493671,[[26 11] [22 20]],26_2
0.5,7,0.5443037974683544,0.6329113924050633,[[24 13] [23 19]],26_3
0.5,7,0.569620253164557,0.6075949367088608,[[25 12] [22 20]],26_4
0.5,7,0.5443037974683544,0.569620253164557,[[25 12] [24 18]],26_5
0.5,8,0.6455696202531646,1.0,[[25 14] [14 26]],1_1
0.5,8,0.6329113924050633,1.0,[[24 15] [14 26]],1_2
0.5,8,0.6455696202531646,1.0,[[25 14] [14 26]],1_3
0.5,8,0.6329113924050633,1.0,[[24 15] [14 26]],1_4
0.5,8,0.620253164556962,1.0,[[23 16] [14 26]],1_5
0.5,8,0.5822784810126582,0.7215189873417721,[[26 13] [20 20]],6_1
0.5,8,0.5822784810126582,0.7088607594936709,[[25 14] [19 21]],6_2
0.5,8,0.5949367088607594,0.7088607594936709,[[26 13] [19 21]],6_3
0.5,8,0.620253164556962,0.6708860759493671,[[25 14] [16 24]],6_4
0.5,8,0.5949367088607594,0.6835443037974683,[[24 15] [17 23]],6_5
0.5,8,0.6708860759493671,0.7088607594936709,[[22 17] [ 9 31]],11_1
0.5,8,0.6455696202531646,0.7088607594936709,[[20 19] [ 9 31]],11_2
0.5,8,0.6455696202531646,0.6962025316455697,[[21 18] [10 30]],11_3
0.5,8,0.6329113924050633,0.6835443037974683,[[21 18] [11 29]],11_4
0.5,8,0.6329113924050633,0.6708860759493671,[[20 19] [10 30]],11_5
0.5,8,0.620253164556962,0.6329113924050633,[[27 12] [18 22]],16_1
0.5,8,0.5822784810126582,0.6075949367088608,[[25 14] [19 21]],16_2
0.5,8,0.620253164556962,0.620253164556962,[[24 15] [15 25]],16_3
0.5,8,0.620253164556962,0.5822784810126582,[[23 16] [14 26]],16_4
0.5,8,0.620253164556962,0.569620253164557,[[23 16] [14 26]],16_5
0.5,8,0.6708860759493671,0.6582278481012658,[[24 15] [11 29]],21_1
0.5,8,0.6329113924050633,0.5949367088607594,[[25 14] [15 25]],21_2
0.5,8,0.6455696202531646,0.5822784810126582,[[22 17] [11 29]],21_3
0.5,8,0.620253164556962,0.5822784810126582,[[22 17] [13 27]],21_4
0.5,8,0.620253164556962,0.5822784810126582,[[22 17] [13 27]],21_5
0.5,8,0.7215189873417721,0.6329113924050633,[[30  9] [13 27]],26_1
0.5,8,0.6075949367088608,0.5569620253164557,[[27 12] [19 21]],26_2
0.5,8,0.6075949367088608,0.5822784810126582,[[23 16] [15 25]],26_3
0.5,8,0.5822784810126582,0.5569620253164557,[[19 20] [13 27]],26_4
0.5,8,0.569620253164557,0.5569620253164557,[[16 23] [11 29]],26_5
0.5,9,0.6582278481012658,1.0,[[27 12] [15 25]],1_1
0.5,9,0.620253164556962,1.0,[[25 14] [16 24]],1_2
0.5,9,0.6075949367088608,1.0,[[24 15] [16 24]],1_3
0.5,9,0.6075949367088608,1.0,[[24 15] [16 24]],1_4
0.5,9,0.569620253164557,1.0,[[24 15] [19 21]],1_5
0.5,9,0.620253164556962,0.6835443037974683,[[29 10] [20 20]],6_1
0.5,9,0.6075949367088608,0.7088607594936709,[[30  9] [22 18]],6_2
0.5,9,0.6455696202531646,0.7088607594936709,[[31  8] [20 20]],6_3
0.5,9,0.6455696202531646,0.6962025316455697,[[31  8] [20 20]],6_4
0.5,9,0.6455696202531646,0.6962025316455697,[[31  8] [20 20]],6_5
0.5,9,0.6455696202531646,0.7341772151898734,[[26 13] [15 25]],11_1
0.5,9,0.620253164556962,0.6708860759493671,[[24 15] [15 25]],11_2
0.5,9,0.6329113924050633,0.6455696202531646,[[24 15] [14 26]],11_3
0.5,9,0.6075949367088608,0.6455696202531646,[[23 16] [15 25]],11_4
0.5,9,0.5822784810126582,0.6708860759493671,[[22 17] [16 24]],11_5
0.5,9,0.5822784810126582,0.6708860759493671,[[28 11] [22 18]],16_1
0.5,9,0.6075949367088608,0.6329113924050633,[[25 14] [17 23]],16_2
0.5,9,0.6075949367088608,0.6582278481012658,[[25 14] [17 23]],16_3
0.5,9,0.620253164556962,0.6455696202531646,[[24 15] [15 25]],16_4
0.5,9,0.6075949367088608,0.6455696202531646,[[24 15] [16 24]],16_5
0.5,9,0.5822784810126582,0.6962025316455697,[[26 13] [20 20]],21_1
0.5,9,0.5949367088607594,0.6835443037974683,[[24 15] [17 23]],21_2
0.5,9,0.5949367088607594,0.6835443037974683,[[23 16] [16 24]],21_3
0.5,9,0.620253164556962,0.6708860759493671,[[25 14] [16 24]],21_4
0.5,9,0.5822784810126582,0.6835443037974683,[[23 16] [17 23]],21_5
0.5,9,0.5822784810126582,0.7215189873417721,[[28 11] [22 18]],26_1
0.5,9,0.5443037974683544,0.6708860759493671,[[26 13] [23 17]],26_2
0.5,9,0.5569620253164557,0.6835443037974683,[[23 16] [19 21]],26_3
0.5,9,0.5949367088607594,0.620253164556962,[[26 13] [19 21]],26_4
0.5,9,0.5822784810126582,0.6455696202531646,[[25 14] [19 21]],26_5
0.8,0,0.71875,1.0,[[ 8  3] [ 6 15]],1_1
0.8,0,0.65625,1.0,[[ 8  3] [ 8 13]],1_2
0.8,0,0.625,1.0,[[ 7  4] [ 8 13]],1_3
0.8,0,0.59375,1.0,[[ 6  5] [ 8 13]],1_4
0.8,0,0.5625,1.0,[[ 6  5] [ 9 12]],1_5
0.8,0,0.5,0.746031746031746,[[ 9  2] [14  7]],6_1
0.8,0,0.46875,0.7222222222222222,[[ 9  2] [15  6]],6_2
0.8,0,0.46875,0.7063492063492064,[[ 9  2] [15  6]],6_3
0.8,0,0.5,0.6904761904761905,[[ 9  2] [14  7]],6_4
0.8,0,0.53125,0.6746031746031746,[[ 9  2] [13  8]],6_5
0.8,0,0.53125,0.6984126984126984,[[ 7  4] [11 10]],11_1
0.8,0,0.5625,0.6587301587301587,[[ 9  2] [12  9]],11_2
0.8,0,0.59375,0.6507936507936508,[[ 9  2] [11 10]],11_3
0.8,0,0.59375,0.6587301587301587,[[ 9  2] [11 10]],11_4
0.8,0,0.5625,0.6746031746031746,[[ 8  3] [11 10]],11_5
0.8,0,0.53125,0.6349206349206349,[[ 9  2] [13  8]],16_1
0.8,0,0.53125,0.5873015873015873,[[ 9  2] [13  8]],16_2
0.8,0,0.46875,0.6031746031746031,[[ 9  2] [15  6]],16_3
0.8,0,0.40625,0.5793650793650794,[[ 7  4] [15  6]],16_4
0.8,0,0.40625,0.5793650793650794,[[ 7  4] [15  6]],16_5
0.8,0,0.59375,0.6587301587301587,[[ 9  2] [11 10]],21_1
0.8,0,0.4375,0.6428571428571429,[[ 9  2] [16  5]],21_2
0.8,0,0.5,0.6349206349206349,[[ 9  2] [14  7]],21_3
0.8,0,0.46875,0.626984126984127,[[ 8  3] [14  7]],21_4
0.8,0,0.4375,0.626984126984127,[[ 7  4] [14  7]],21_5
0.8,0,0.46875,0.6587301587301587,[[10  1] [16  5]],26_1
0.8,0,0.5,0.6428571428571429,[[11  0] [16  5]],26_2
0.8,0,0.5,0.6190476190476191,[[11  0] [16  5]],26_3
0.8,0,0.4375,0.6031746031746031,[[10  1] [17  4]],26_4
0.8,0,0.4375,0.6031746031746031,[[10  1] [17  4]],26_5
0.8,1,0.6875,1.0,[[ 9  3] [ 7 13]],1_1
0.8,1,0.625,1.0,[[ 9  3] [ 9 11]],1_2
0.8,1,0.625,1.0,[[ 8  4] [ 8 12]],1_3
0.8,1,0.59375,1.0,[[ 8  4] [ 9 11]],1_4
0.8,1,0.625,1.0,[[ 8  4] [ 8 12]],1_5
0.8,1,0.5625,0.7380952380952381,[[10  2] [12  8]],6_1
0.8,1,0.625,0.7142857142857143,[[11  1] [11  9]],6_2
0.8,1,0.625,0.7142857142857143,[[11  1] [11  9]],6_3
0.8,1,0.625,0.6904761904761905,[[11  1] [11  9]],6_4
0.8,1,0.625,0.6904761904761905,[[11  1] [11  9]],6_5
0.8,1,0.46875,0.7222222222222222,[[ 7  5] [12  8]],11_1
0.8,1,0.46875,0.6666666666666666,[[ 7  5] [12  8]],11_2
0.8,1,0.46875,0.6746031746031746,[[ 7  5] [12  8]],11_3
0.8,1,0.5,0.6666666666666666,[[ 7  5] [11  9]],11_4
0.8,1,0.5,0.6666666666666666,[[ 7  5] [11  9]],11_5
0.8,1,0.5,0.6666666666666666,[[ 8  4] [12  8]],16_1
0.8,1,0.53125,0.6666666666666666,[[ 9  3] [12  8]],16_2
0.8,1,0.53125,0.6746031746031746,[[ 9  3] [12  8]],16_3
0.8,1,0.53125,0.6666666666666666,[[ 9  3] [12  8]],16_4
0.8,1,0.53125,0.6428571428571429,[[ 9  3] [12  8]],16_5
0.8,1,0.53125,0.6587301587301587,[[ 9  3] [12  8]],21_1
0.8,1,0.5625,0.626984126984127,[[ 9  3] [11  9]],21_2
0.8,1,0.5625,0.6428571428571429,[[ 9  3] [11  9]],21_3
0.8,1,0.59375,0.6031746031746031,[[ 9  3] [10 10]],21_4
0.8,1,0.59375,0.6031746031746031,[[ 9  3] [10 10]],21_5
0.8,1,0.5625,0.6587301587301587,[[10  2] [12  8]],26_1
0.8,1,0.46875,0.5873015873015873,[[10  2] [15  5]],26_2
0.8,1,0.5,0.5873015873015873,[[10  2] [14  6]],26_3
0.8,1,0.5,0.5873015873015873,[[10  2] [14  6]],26_4
0.8,1,0.5,0.5952380952380952,[[10  2] [14  6]],26_5
0.8,2,0.71875,1.0,[[ 9  3] [ 6 14]],1_1
0.8,2,0.78125,1.0,[[10  2] [ 5 15]],1_2
0.8,2,0.78125,1.0,[[10  2] [ 5 15]],1_3
0.8,2,0.84375,1.0,[[11  1] [ 4 16]],1_4
0.8,2,0.8125,1.0,[[10  2] [ 4 16]],1_5
0.8,2,0.59375,0.6984126984126984,[[10  2] [11  9]],6_1
0.8,2,0.6875,0.6825396825396826,[[10  2] [ 8 12]],6_2
0.8,2,0.6875,0.6984126984126984,[[10  2] [ 8 12]],6_3
0.8,2,0.6875,0.6984126984126984,[[10  2] [ 8 12]],6_4
0.8,2,0.71875,0.6746031746031746,[[11  1] [ 8 12]],6_5
0.8,2,0.6875,0.7063492063492064,[[10  2] [ 8 12]],11_1
0.8,2,0.65625,0.6111111111111112,[[ 8  4] [ 7 13]],11_2
0.8,2,0.625,0.5873015873015873,[[ 8  4] [ 8 12]],11_3
0.8,2,0.59375,0.6111111111111112,[[ 7  5] [ 8 12]],11_4
0.8,2,0.625,0.6190476190476191,[[ 7  5] [ 7 13]],11_5
0.8,2,0.59375,0.626984126984127,[[11  1] [12  8]],16_1
0.8,2,0.625,0.6666666666666666,[[ 9  3] [ 9 11]],16_2
0.8,2,0.65625,0.6428571428571429,[[ 9  3] [ 8 12]],16_3
0.8,2,0.65625,0.6428571428571429,[[ 9  3] [ 8 12]],16_4
0.8,2,0.65625,0.6111111111111112,[[ 9  3] [ 8 12]],16_5
0.8,2,0.65625,0.6825396825396826,[[10  2] [ 9 11]],21_1
0.8,2,0.5,0.6111111111111112,[[ 8  4] [12  8]],21_2
0.8,2,0.5,0.6111111111111112,[[ 8  4] [12  8]],21_3
0.8,2,0.5,0.626984126984127,[[ 8  4] [12  8]],21_4
0.8,2,0.5,0.6111111111111112,[[ 8  4] [12  8]],21_5
0.8,2,0.625,0.6666666666666666,[[10  2] [10 10]],26_1
0.8,2,0.5,0.5952380952380952,[[10  2] [14  6]],26_2
0.8,2,0.5,0.5952380952380952,[[10  2] [14  6]],26_3
0.8,2,0.53125,0.6031746031746031,[[10  2] [13  7]],26_4
0.8,2,0.53125,0.6031746031746031,[[10  2] [13  7]],26_5
0.8,3,0.53125,1.0,[[ 8  4] [11  9]],1_1
0.8,3,0.5625,1.0,[[ 9  3] [11  9]],1_2
0.8,3,0.5625,1.0,[[ 9  3] [11  9]],1_3
0.8,3,0.59375,1.0,[[ 9  3] [10 10]],1_4
0.8,3,0.5625,1.0,[[ 9  3] [11  9]],1_5
0.8,3,0.46875,0.7380952380952381,[[10  2] [15  5]],6_1
0.8,3,0.5625,0.7142857142857143,[[10  2] [12  8]],6_2
0.8,3,0.53125,0.6984126984126984,[[10  2] [13  7]],6_3
0.8,3,0.53125,0.7063492063492064,[[10  2] [13  7]],6_4
0.8,3,0.5,0.7063492063492064,[[10  2] [14  6]],6_5
0.8,3,0.59375,0.7142857142857143,[[ 8  4] [ 9 11]],11_1
0.8,3,0.53125,0.6746031746031746,[[ 7  5] [10 10]],11_2
0.8,3,0.53125,0.6428571428571429,[[ 7  5] [10 10]],11_3
0.8,3,0.53125,0.6349206349206349,[[ 7  5] [10 10]],11_4
0.8,3,0.53125,0.6349206349206349,[[ 7  5] [10 10]],11_5
0.8,3,0.5,0.6507936507936508,[[ 8  4] [12  8]],16_1
0.8,3,0.46875,0.626984126984127,[[ 8  4] [13  7]],16_2
0.8,3,0.4375,0.6428571428571429,[[ 7  5] [13  7]],16_3
0.8,3,0.40625,0.6349206349206349,[[ 6  6] [13  7]],16_4
0.8,3,0.40625,0.626984126984127,[[ 6  6] [13  7]],16_5
0.8,3,0.53125,0.6507936507936508,[[ 7  5] [10 10]],21_1
0.8,3,0.5,0.6507936507936508,[[ 7  5] [11  9]],21_2
0.8,3,0.46875,0.6587301587301587,[[ 7  5] [12  8]],21_3
0.8,3,0.5,0.6507936507936508,[[ 7  5] [11  9]],21_4
0.8,3,0.5,0.6428571428571429,[[ 7  5] [11  9]],21_5
0.8,3,0.5,0.6190476190476191,[[ 8  4] [12  8]],26_1
0.8,3,0.4375,0.6190476190476191,[[ 7  5] [13  7]],26_2
0.8,3,0.46875,0.6031746031746031,[[ 7  5] [12  8]],26_3
0.8,3,0.46875,0.626984126984127,[[ 7  5] [12  8]],26_4
0.8,3,0.46875,0.626984126984127,[[ 7  5] [12  8]],26_5
0.8,4,0.75,1.0,[[13  6] [ 2 11]],1_1
0.8,4,0.71875,1.0,[[14  5] [ 4  9]],1_2
0.8,4,0.6875,1.0,[[13  6] [ 4  9]],1_3
0.8,4,0.71875,1.0,[[14  5] [ 4  9]],1_4
0.8,4,0.75,1.0,[[14  5] [ 3 10]],1_5
0.8,4,0.6875,0.6984126984126984,[[14  5] [ 5  8]],6_1
0.8,4,0.71875,0.6666666666666666,[[14  5] [ 4  9]],6_2
0.8,4,0.6875,0.6904761904761905,[[14  5] [ 5  8]],6_3
0.8,4,0.71875,0.6507936507936508,[[15  4] [ 5  8]],6_4
0.8,4,0.6875,0.6507936507936508,[[15  4] [ 6  7]],6_5
0.8,4,0.59375,0.7380952380952381,[[ 9 10] [ 3 10]],11_1
0.8,4,0.59375,0.6666666666666666,[[ 8 11] [ 2 11]],11_2
0.8,4,0.59375,0.6587301587301587,[[ 8 11] [ 2 11]],11_3
0.8,4,0.59375,0.6904761904761905,[[ 8 11] [ 2 11]],11_4
0.8,4,0.5625,0.6904761904761905,[[ 7 12] [ 2 11]],11_5
0.8,4,0.75,0.6587301587301587,[[13  6] [ 2 11]],16_1
0.8,4,0.65625,0.6904761904761905,[[11  8] [ 3 10]],16_2
0.8,4,0.5625,0.6507936507936508,[[ 9 10] [ 4  9]],16_3
0.8,4,0.46875,0.6746031746031746,[[ 7 12] [ 5  8]],16_4
0.8,4,0.46875,0.6825396825396826,[[ 7 12] [ 5  8]],16_5
0.8,4,0.6875,0.6507936507936508,[[10  9] [ 1 12]],21_1
0.8,4,0.59375,0.6746031746031746,[[ 9 10] [ 3 10]],21_2
0.8,4,0.53125,0.6904761904761905,[[ 6 13] [ 2 11]],21_3
0.8,4,0.53125,0.6984126984126984,[[ 6 13] [ 2 11]],21_4
0.8,4,0.53125,0.7063492063492064,[[ 6 13] [ 2 11]],21_5
0.8,4,0.6875,0.626984126984127,[[11  8] [ 2 11]],26_1
0.8,4,0.65625,0.6507936507936508,[[10  9] [ 2 11]],26_2
0.8,4,0.59375,0.6904761904761905,[[ 8 11] [ 2 11]],26_3
0.8,4,0.59375,0.6825396825396826,[[ 8 11] [ 2 11]],26_4
0.8,4,0.53125,0.6825396825396826,[[ 7 12] [ 3 10]],26_5
0.8,5,0.875,1.0,[[11  0] [ 4 17]],1_1
0.8,5,0.90625,1.0,[[11  0] [ 3 18]],1_2
0.8,5,0.84375,1.0,[[10  1] [ 4 17]],1_3
0.8,5,0.84375,1.0,[[10  1] [ 4 17]],1_4
0.8,5,0.84375,1.0,[[10  1] [ 4 17]],1_5
0.8,5,0.65625,0.7142857142857143,[[ 9  2] [ 9 12]],6_1
0.8,5,0.65625,0.6825396825396826,[[10  1] [10 11]],6_2
0.8,5,0.625,0.6825396825396826,[[ 9  2] [10 11]],6_3
0.8,5,0.625,0.6666666666666666,[[ 9  2] [10 11]],6_4
0.8,5,0.625,0.6587301587301587,[[ 9  2] [10 11]],6_5
0.8,5,0.6875,0.6428571428571429,[[ 8  3] [ 7 14]],11_1
0.8,5,0.71875,0.6031746031746031,[[ 8  3] [ 6 15]],11_2
0.8,5,0.71875,0.5952380952380952,[[ 8  3] [ 6 15]],11_3
0.8,5,0.75,0.6111111111111112,[[ 8  3] [ 5 16]],11_4
0.8,5,0.71875,0.6349206349206349,[[ 7  4] [ 5 16]],11_5
0.8,5,0.71875,0.626984126984127,[[10  1] [ 8 13]],16_1
0.8,5,0.75,0.626984126984127,[[10  1] [ 7 14]],16_2
0.8,5,0.71875,0.5952380952380952,[[10  1] [ 8 13]],16_3
0.8,5,0.6875,0.5873015873015873,[[10  1] [ 9 12]],16_4
0.8,5,0.65625,0.5714285714285714,[[ 9  2] [ 9 12]],16_5
0.8,5,0.6875,0.6349206349206349,[[ 8  3] [ 7 14]],21_1
0.8,5,0.71875,0.6349206349206349,[[ 8  3] [ 6 15]],21_2
0.8,5,0.75,0.626984126984127,[[ 8  3] [ 5 16]],21_3
0.8,5,0.75,0.6031746031746031,[[ 8  3] [ 5 16]],21_4
0.8,5,0.75,0.6190476190476191,[[ 8  3] [ 5 16]],21_5
0.8,5,0.625,0.6349206349206349,[[ 9  2] [10 11]],26_1
0.8,5,0.625,0.5793650793650794,[[ 8  3] [ 9 12]],26_2
0.8,5,0.65625,0.5793650793650794,[[ 8  3] [ 8 13]],26_3
0.8,5,0.6875,0.5634920634920635,[[ 8  3] [ 7 14]],26_4
0.8,5,0.71875,0.5714285714285714,[[ 8  3] [ 6 15]],26_5
0.8,6,0.53125,1.0,[[8 8] [7 9]],1_1
0.8,6,0.59375,1.0,[[10  6] [ 7  9]],1_2
0.8,6,0.5625,1.0,[[9 7] [7 9]],1_3
0.8,6,0.65625,1.0,[[12  4] [ 7  9]],1_4
0.8,6,0.65625,1.0,[[12  4] [ 7  9]],1_5
0.8,6,0.75,0.6904761904761905,[[15  1] [ 7  9]],6_1
0.8,6,0.59375,0.7142857142857143,[[13  3] [10  6]],6_2
0.8,6,0.625,0.7222222222222222,[[14  2] [10  6]],6_3
0.8,6,0.59375,0.7063492063492064,[[13  3] [10  6]],6_4
0.8,6,0.59375,0.6984126984126984,[[13  3] [10  6]],6_5
0.8,6,0.625,0.6666666666666666,[[10  6] [ 6 10]],11_1
0.8,6,0.65625,0.6587301587301587,[[11  5] [ 6 10]],11_2
0.8,6,0.59375,0.6666666666666666,[[11  5] [ 8  8]],11_3
0.8,6,0.59375,0.6904761904761905,[[11  5] [ 8  8]],11_4
0.8,6,0.625,0.6984126984126984,[[11  5] [ 7  9]],11_5
0.8,6,0.6875,0.626984126984127,[[12  4] [ 6 10]],16_1
0.8,6,0.625,0.6111111111111112,[[12  4] [ 8  8]],16_2
0.8,6,0.625,0.6111111111111112,[[12  4] [ 8  8]],16_3
0.8,6,0.59375,0.6190476190476191,[[11  5] [ 8  8]],16_4
0.8,6,0.59375,0.6190476190476191,[[11  5] [ 8  8]],16_5
0.8,6,0.71875,0.6428571428571429,[[12  4] [ 5 11]],21_1
0.8,6,0.625,0.6507936507936508,[[10  6] [ 6 10]],21_2
0.8,6,0.59375,0.6428571428571429,[[ 9  7] [ 6 10]],21_3
0.8,6,0.59375,0.6349206349206349,[[ 9  7] [ 6 10]],21_4
0.8,6,0.625,0.6349206349206349,[[ 9  7] [ 5 11]],21_5
0.8,6,0.6875,0.6349206349206349,[[12  4] [ 6 10]],26_1
0.8,6,0.59375,0.6190476190476191,[[11  5] [ 8  8]],26_2
0.8,6,0.625,0.6428571428571429,[[11  5] [ 7  9]],26_3
0.8,6,0.65625,0.626984126984127,[[11  5] [ 6 10]],26_4
0.8,6,0.6875,0.6190476190476191,[[12  4] [ 6 10]],26_5
0.8,7,0.65625,1.0,[[ 9  6] [ 5 12]],1_1
0.8,7,0.71875,1.0,[[12  3] [ 6 11]],1_2
0.8,7,0.65625,1.0,[[11  4] [ 7 10]],1_3
0.8,7,0.6875,1.0,[[12  3] [ 7 10]],1_4
0.8,7,0.6875,1.0,[[12  3] [ 7 10]],1_5
0.8,7,0.65625,0.6904761904761905,[[13  2] [ 9  8]],6_1
0.8,7,0.625,0.7063492063492064,[[13  2] [10  7]],6_2
0.8,7,0.59375,0.7222222222222222,[[13  2] [11  6]],6_3
0.8,7,0.5625,0.7063492063492064,[[12  3] [11  6]],6_4
0.8,7,0.5625,0.7142857142857143,[[12  3] [11  6]],6_5
0.8,7,0.5625,0.6825396825396826,[[ 8  7] [ 7 10]],11_1
0.8,7,0.59375,0.6984126984126984,[[ 8  7] [ 6 11]],11_2
0.8,7,0.53125,0.6904761904761905,[[ 7  8] [ 7 10]],11_3
0.8,7,0.53125,0.6746031746031746,[[ 7  8] [ 7 10]],11_4
0.8,7,0.5625,0.6984126984126984,[[ 7  8] [ 6 11]],11_5
0.8,7,0.5,0.6507936507936508,[[8 7] [9 8]],16_1
0.8,7,0.625,0.626984126984127,[[ 8  7] [ 5 12]],16_2
0.8,7,0.59375,0.6190476190476191,[[ 8  7] [ 6 11]],16_3
0.8,7,0.59375,0.6349206349206349,[[ 8  7] [ 6 11]],16_4
0.8,7,0.59375,0.6428571428571429,[[ 8  7] [ 6 11]],16_5
0.8,7,0.5,0.6428571428571429,[[8 7] [9 8]],21_1
0.8,7,0.5625,0.6111111111111112,[[ 7  8] [ 6 11]],21_2
0.8,7,0.59375,0.6349206349206349,[[ 6  9] [ 4 13]],21_3
0.8,7,0.59375,0.6349206349206349,[[ 6  9] [ 4 13]],21_4
0.8,7,0.59375,0.6349206349206349,[[ 6  9] [ 4 13]],21_5
0.8,7,0.59375,0.6904761904761905,[[11  4] [ 9  8]],26_1
0.8,7,0.53125,0.626984126984127,[[9 6] [9 8]],26_2
0.8,7,0.5,0.6428571428571429,[[8 7] [9 8]],26_3
0.8,7,0.53125,0.6428571428571429,[[ 7  8] [ 7 10]],26_4
0.8,7,0.53125,0.626984126984127,[[ 7  8] [ 7 10]],26_5
0.8,8,0.625,1.0,[[ 7  6] [ 6 13]],1_1
0.8,8,0.6875,1.0,[[ 8  5] [ 5 14]],1_2
0.8,8,0.6875,1.0,[[ 8  5] [ 5 14]],1_3
0.8,8,0.65625,1.0,[[ 8  5] [ 6 13]],1_4
0.8,8,0.65625,1.0,[[ 8  5] [ 6 13]],1_5
0.8,8,0.65625,0.7142857142857143,[[11  2] [ 9 10]],6_1
0.8,8,0.625,0.7301587301587301,[[10  3] [ 9 10]],6_2
0.8,8,0.5625,0.7222222222222222,[[10  3] [11  8]],6_3
0.8,8,0.5625,0.7142857142857143,[[10  3] [11  8]],6_4
0.8,8,0.53125,0.7222222222222222,[[10  3] [12  7]],6_5
0.8,8,0.65625,0.6904761904761905,[[10  3] [ 8 11]],11_1
0.8,8,0.59375,0.6428571428571429,[[ 6  7] [ 6 13]],11_2
0.8,8,0.5625,0.6587301587301587,[[ 5  8] [ 6 13]],11_3
0.8,8,0.53125,0.6507936507936508,[[ 5  8] [ 7 12]],11_4
0.8,8,0.53125,0.6666666666666666,[[ 5  8] [ 7 12]],11_5
0.8,8,0.71875,0.626984126984127,[[11  2] [ 7 12]],16_1
0.8,8,0.65625,0.6507936507936508,[[11  2] [ 9 10]],16_2
0.8,8,0.6875,0.6111111111111112,[[11  2] [ 8 11]],16_3
0.8,8,0.65625,0.6190476190476191,[[10  3] [ 8 11]],16_4
0.8,8,0.65625,0.6111111111111112,[[11  2] [ 9 10]],16_5
0.8,8,0.75,0.6349206349206349,[[12  1] [ 7 12]],21_1
0.8,8,0.65625,0.6190476190476191,[[10  3] [ 8 11]],21_2
0.8,8,0.65625,0.626984126984127,[[10  3] [ 8 11]],21_3
0.8,8,0.625,0.6190476190476191,[[ 7  6] [ 6 13]],21_4
0.8,8,0.625,0.626984126984127,[[ 7  6] [ 6 13]],21_5
0.8,8,0.65625,0.6587301587301587,[[11  2] [ 9 10]],26_1
0.8,8,0.59375,0.6031746031746031,[[12  1] [12  7]],26_2
0.8,8,0.6875,0.6111111111111112,[[12  1] [ 9 10]],26_3
0.8,8,0.75,0.5952380952380952,[[12  1] [ 7 12]],26_4
0.8,8,0.78125,0.6031746031746031,[[12  1] [ 6 13]],26_5
0.8,9,0.65625,1.0,[[10  5] [ 6 11]],1_1
0.8,9,0.6875,1.0,[[11  4] [ 6 11]],1_2
0.8,9,0.71875,1.0,[[11  4] [ 5 12]],1_3
0.8,9,0.71875,1.0,[[11  4] [ 5 12]],1_4
0.8,9,0.65625,1.0,[[10  5] [ 6 11]],1_5
0.8,9,0.75,0.7063492063492064,[[14  1] [ 7 10]],6_1
0.8,9,0.625,0.7063492063492064,[[11  4] [ 8  9]],6_2
0.8,9,0.625,0.7222222222222222,[[11  4] [ 8  9]],6_3
0.8,9,0.59375,0.7142857142857143,[[10  5] [ 8  9]],6_4
0.8,9,0.59375,0.6904761904761905,[[10  5] [ 8  9]],6_5
0.8,9,0.5625,0.6666666666666666,[[9 6] [8 9]],11_1
0.8,9,0.625,0.6587301587301587,[[10  5] [ 7 10]],11_2
0.8,9,0.625,0.6349206349206349,[[ 9  6] [ 6 11]],11_3
0.8,9,0.65625,0.6428571428571429,[[ 8  7] [ 4 13]],11_4
0.8,9,0.65625,0.6349206349206349,[[ 8  7] [ 4 13]],11_5
0.8,9,0.625,0.6349206349206349,[[10  5] [ 7 10]],16_1
0.8,9,0.59375,0.6349206349206349,[[ 9  6] [ 7 10]],16_2
0.8,9,0.5625,0.6190476190476191,[[9 6] [8 9]],16_3
0.8,9,0.59375,0.6111111111111112,[[ 9  6] [ 7 10]],16_4
0.8,9,0.59375,0.6111111111111112,[[10  5] [ 8  9]],16_5
0.8,9,0.59375,0.6428571428571429,[[ 9  6] [ 7 10]],21_1
0.8,9,0.625,0.6349206349206349,[[ 9  6] [ 6 11]],21_2
0.8,9,0.59375,0.6349206349206349,[[ 8  7] [ 6 11]],21_3
0.8,9,0.53125,0.6428571428571429,[[ 7  8] [ 7 10]],21_4
0.8,9,0.5625,0.6507936507936508,[[ 8  7] [ 7 10]],21_5
0.8,9,0.65625,0.6031746031746031,[[10  5] [ 6 11]],26_1
0.8,9,0.65625,0.6031746031746031,[[10  5] [ 6 11]],26_2
0.8,9,0.625,0.6111111111111112,[[ 9  6] [ 6 11]],26_3
0.8,9,0.59375,0.6428571428571429,[[ 8  7] [ 6 11]],26_4
0.8,9,0.5625,0.6428571428571429,[[ 8  7] [ 7 10]],26_5