Size,Ntrial,TestAcc,TrainAcc,ConfMatrix,Config
3,0,0.5952041785375118,0.6199201741654572,[[ 8.         16.33333333] [ 5.         23.33333333]],1e-09
3,0,0.5638651471984806,0.6674528301886792,[[ 7.         17.33333333] [ 5.66666667 22.66666667]],1e-08
3,0,0.6013770180436847,0.7182510885341074,[[ 9.33333333 15.        ] [ 6.         22.33333333]],1e-07
3,0,0.6322412155745489,0.7342767295597484,[[13.         11.33333333] [ 8.         20.33333333]],1e-06
3,0,0.657644824311491,0.7088171262699564,[[16.33333333  8.        ] [10.         18.33333333]],1e-05
3,0,0.6640550807217473,0.7088171262699564,[[17.66666667  6.66666667] [11.         17.33333333]],0.0001
3,1,0.5952041785375118,0.6199201741654572,[[ 8.         16.33333333] [ 5.         23.33333333]],1e-09
3,1,0.5638651471984806,0.6674528301886792,[[ 7.         17.33333333] [ 5.66666667 22.66666667]],1e-08
3,1,0.6013770180436847,0.7182510885341074,[[ 9.33333333 15.        ] [ 6.         22.33333333]],1e-07
3,1,0.6322412155745489,0.7342767295597484,[[13.         11.33333333] [ 8.         20.33333333]],1e-06
3,1,0.657644824311491,0.7088171262699564,[[16.33333333  8.        ] [10.         18.33333333]],1e-05
3,1,0.6640550807217473,0.7088171262699564,[[17.66666667  6.66666667] [11.         17.33333333]],0.0001
3,2,0.5952041785375118,0.6199201741654572,[[ 8.         16.33333333] [ 5.         23.33333333]],1e-09
3,2,0.5638651471984806,0.6674528301886792,[[ 7.         17.33333333] [ 5.66666667 22.66666667]],1e-08
3,2,0.6013770180436847,0.7182510885341074,[[ 9.33333333 15.        ] [ 6.         22.33333333]],1e-07
3,2,0.6322412155745489,0.7342767295597484,[[13.         11.33333333] [ 8.         20.33333333]],1e-06
3,2,0.657644824311491,0.7088171262699564,[[16.33333333  8.        ] [10.         18.33333333]],1e-05
3,2,0.6640550807217473,0.7088171262699564,[[17.66666667  6.66666667] [11.         17.33333333]],0.0001
3,3,0.5952041785375118,0.6199201741654572,[[ 8.         16.33333333] [ 5.         23.33333333]],1e-09
3,3,0.5638651471984806,0.6674528301886792,[[ 7.         17.33333333] [ 5.66666667 22.66666667]],1e-08
3,3,0.6013770180436847,0.7182510885341074,[[ 9.33333333 15.        ] [ 6.         22.33333333]],1e-07
3,3,0.6322412155745489,0.7342767295597484,[[13.         11.33333333] [ 8.         20.33333333]],1e-06
3,3,0.657644824311491,0.7088171262699564,[[16.33333333  8.        ] [10.         18.33333333]],1e-05
3,3,0.6640550807217473,0.7088171262699564,[[17.66666667  6.66666667] [11.         17.33333333]],0.0001
3,4,0.5952041785375118,0.6199201741654572,[[ 8.         16.33333333] [ 5.         23.33333333]],1e-09
3,4,0.5638651471984806,0.6674528301886792,[[ 7.         17.33333333] [ 5.66666667 22.66666667]],1e-08
3,4,0.6013770180436847,0.7182510885341074,[[ 9.33333333 15.        ] [ 6.         22.33333333]],1e-07
3,4,0.6322412155745489,0.7342767295597484,[[13.         11.33333333] [ 8.         20.33333333]],1e-06
3,4,0.657644824311491,0.7088171262699564,[[16.33333333  8.        ] [10.         18.33333333]],1e-05
3,4,0.6640550807217473,0.7088171262699564,[[17.66666667  6.66666667] [11.         17.33333333]],0.0001
3,5,0.5952041785375118,0.6199201741654572,[[ 8.         16.33333333] [ 5.         23.33333333]],1e-09
3,5,0.5638651471984806,0.6674528301886792,[[ 7.         17.33333333] [ 5.66666667 22.66666667]],1e-08
3,5,0.6013770180436847,0.7182510885341074,[[ 9.33333333 15.        ] [ 6.         22.33333333]],1e-07
3,5,0.6322412155745489,0.7342767295597484,[[13.         11.33333333] [ 8.         20.33333333]],1e-06
3,5,0.657644824311491,0.7088171262699564,[[16.33333333  8.        ] [10.         18.33333333]],1e-05
3,5,0.6640550807217473,0.7088171262699564,[[17.66666667  6.66666667] [11.         17.33333333]],0.0001
3,6,0.5952041785375118,0.6199201741654572,[[ 8.         16.33333333] [ 5.         23.33333333]],1e-09
3,6,0.5638651471984806,0.6674528301886792,[[ 7.         17.33333333] [ 5.66666667 22.66666667]],1e-08
3,6,0.6013770180436847,0.7182510885341074,[[ 9.33333333 15.        ] [ 6.         22.33333333]],1e-07
3,6,0.6322412155745489,0.7342767295597484,[[13.         11.33333333] [ 8.         20.33333333]],1e-06
3,6,0.657644824311491,0.7088171262699564,[[16.33333333  8.        ] [10.         18.33333333]],1e-05
3,6,0.6640550807217473,0.7088171262699564,[[17.66666667  6.66666667] [11.         17.33333333]],0.0001
3,7,0.5952041785375118,0.6199201741654572,[[ 8.         16.33333333] [ 5.         23.33333333]],1e-09
3,7,0.5638651471984806,0.6674528301886792,[[ 7.         17.33333333] [ 5.66666667 22.66666667]],1e-08
3,7,0.6013770180436847,0.7182510885341074,[[ 9.33333333 15.        ] [ 6.         22.33333333]],1e-07
3,7,0.6322412155745489,0.7342767295597484,[[13.         11.33333333] [ 8.         20.33333333]],1e-06
3,7,0.657644824311491,0.7088171262699564,[[16.33333333  8.        ] [10.         18.33333333]],1e-05
3,7,0.6640550807217473,0.7088171262699564,[[17.66666667  6.66666667] [11.         17.33333333]],0.0001
3,8,0.5952041785375118,0.6199201741654572,[[ 8.         16.33333333] [ 5.         23.33333333]],1e-09
3,8,0.5638651471984806,0.6674528301886792,[[ 7.         17.33333333] [ 5.66666667 22.66666667]],1e-08
3,8,0.6013770180436847,0.7182510885341074,[[ 9.33333333 15.        ] [ 6.         22.33333333]],1e-07
3,8,0.6322412155745489,0.7342767295597484,[[13.         11.33333333] [ 8.         20.33333333]],1e-06
3,8,0.657644824311491,0.7088171262699564,[[16.33333333  8.        ] [10.         18.33333333]],1e-05
3,8,0.6640550807217473,0.7088171262699564,[[17.66666667  6.66666667] [11.         17.33333333]],0.0001
3,9,0.5952041785375118,0.6199201741654572,[[ 8.         16.33333333] [ 5.         23.33333333]],1e-09
3,9,0.5638651471984806,0.6674528301886792,[[ 7.         17.33333333] [ 5.66666667 22.66666667]],1e-08
3,9,0.6013770180436847,0.7182510885341074,[[ 9.33333333 15.        ] [ 6.         22.33333333]],1e-07
3,9,0.6322412155745489,0.7342767295597484,[[13.         11.33333333] [ 8.         20.33333333]],1e-06
3,9,0.657644824311491,0.7088171262699564,[[16.33333333  8.        ] [10.         18.33333333]],1e-05
3,9,0.6640550807217473,0.7088171262699564,[[17.66666667  6.66666667] [11.         17.33333333]],0.0001
7,0,0.5881093544137023,0.5907653608707164,[[ 2.          8.42857143] [ 0.85714286 11.28571429]],1e-09
7,0,0.582721626199887,0.5823695481509353,[[ 2.42857143  8.        ] [ 1.42857143 10.71428571]],1e-08
7,0,0.67090156220591,0.6930156639770336,[[5.57142857 4.85714286] [2.57142857 9.57142857]],1e-07
7,0,0.7398362507058159,0.7330411434889047,[[7.57142857 2.85714286] [3.         9.14285714]],1e-06
7,0,0.688970449840015,0.6930471359356346,[[8.14285714 2.28571429] [4.71428571 7.42857143]],1e-05
7,0,0.6570910973084886,0.6929923213066321,[[8.42857143 2.        ] [5.71428571 6.42857143]],0.0001
7,1,0.5881093544137023,0.5907653608707164,[[ 2.          8.42857143] [ 0.85714286 11.28571429]],1e-09
7,1,0.582721626199887,0.5823695481509353,[[ 2.42857143  8.        ] [ 1.42857143 10.71428571]],1e-08
7,1,0.67090156220591,0.6930156639770336,[[5.57142857 4.85714286] [2.57142857 9.57142857]],1e-07
7,1,0.7398362507058159,0.7330411434889047,[[7.57142857 2.85714286] [3.         9.14285714]],1e-06
7,1,0.688970449840015,0.6930471359356346,[[8.14285714 2.28571429] [4.71428571 7.42857143]],1e-05
7,1,0.6570910973084886,0.6929923213066321,[[8.42857143 2.        ] [5.71428571 6.42857143]],0.0001
7,2,0.5881093544137023,0.5907653608707164,[[ 2.          8.42857143] [ 0.85714286 11.28571429]],1e-09
7,2,0.582721626199887,0.5823695481509353,[[ 2.42857143  8.        ] [ 1.42857143 10.71428571]],1e-08
7,2,0.67090156220591,0.6930156639770336,[[5.57142857 4.85714286] [2.57142857 9.57142857]],1e-07
7,2,0.7398362507058159,0.7330411434889047,[[7.57142857 2.85714286] [3.         9.14285714]],1e-06
7,2,0.688970449840015,0.6930471359356346,[[8.14285714 2.28571429] [4.71428571 7.42857143]],1e-05
7,2,0.6570910973084886,0.6929923213066321,[[8.42857143 2.        ] [5.71428571 6.42857143]],0.0001
7,3,0.5881093544137023,0.5907653608707164,[[ 2.          8.42857143] [ 0.85714286 11.28571429]],1e-09
7,3,0.582721626199887,0.5823695481509353,[[ 2.42857143  8.        ] [ 1.42857143 10.71428571]],1e-08
7,3,0.67090156220591,0.6930156639770336,[[5.57142857 4.85714286] [2.57142857 9.57142857]],1e-07
7,3,0.7398362507058159,0.7330411434889047,[[7.57142857 2.85714286] [3.         9.14285714]],1e-06
7,3,0.688970449840015,0.6930471359356346,[[8.14285714 2.28571429] [4.71428571 7.42857143]],1e-05
7,3,0.6570910973084886,0.6929923213066321,[[8.42857143 2.        ] [5.71428571 6.42857143]],0.0001
7,4,0.5881093544137023,0.5907653608707164,[[ 2.          8.42857143] [ 0.85714286 11.28571429]],1e-09
7,4,0.582721626199887,0.5823695481509353,[[ 2.42857143  8.        ] [ 1.42857143 10.71428571]],1e-08
7,4,0.67090156220591,0.6930156639770336,[[5.57142857 4.85714286] [2.57142857 9.57142857]],1e-07
7,4,0.7398362507058159,0.7330411434889047,[[7.57142857 2.85714286] [3.         9.14285714]],1e-06
7,4,0.688970449840015,0.6930471359356346,[[8.14285714 2.28571429] [4.71428571 7.42857143]],1e-05
7,4,0.6570910973084886,0.6929923213066321,[[8.42857143 2.        ] [5.71428571 6.42857143]],0.0001
7,5,0.5881093544137023,0.5907653608707164,[[ 2.          8.42857143] [ 0.85714286 11.28571429]],1e-09
7,5,0.582721626199887,0.5823695481509353,[[ 2.42857143  8.        ] [ 1.42857143 10.71428571]],1e-08
7,5,0.67090156220591,0.6930156639770336,[[5.57142857 4.85714286] [2.57142857 9.57142857]],1e-07
7,5,0.7398362507058159,0.7330411434889047,[[7.57142857 2.85714286] [3.         9.14285714]],1e-06
7,5,0.688970449840015,0.6930471359356346,[[8.14285714 2.28571429] [4.71428571 7.42857143]],1e-05
7,5,0.6570910973084886,0.6929923213066321,[[8.42857143 2.        ] [5.71428571 6.42857143]],0.0001
7,6,0.5881093544137023,0.5907653608707164,[[ 2.          8.42857143] [ 0.85714286 11.28571429]],1e-09
7,6,0.582721626199887,0.5823695481509353,[[ 2.42857143  8.        ] [ 1.42857143 10.71428571]],1e-08
7,6,0.67090156220591,0.6930156639770336,[[5.57142857 4.85714286] [2.57142857 9.57142857]],1e-07
7,6,0.7398362507058159,0.7330411434889047,[[7.57142857 2.85714286] [3.         9.14285714]],1e-06
7,6,0.688970449840015,0.6930471359356346,[[8.14285714 2.28571429] [4.71428571 7.42857143]],1e-05
7,6,0.6570910973084886,0.6929923213066321,[[8.42857143 2.        ] [5.71428571 6.42857143]],0.0001
7,7,0.5881093544137023,0.5907653608707164,[[ 2.          8.42857143] [ 0.85714286 11.28571429]],1e-09
7,7,0.582721626199887,0.5823695481509353,[[ 2.42857143  8.        ] [ 1.42857143 10.71428571]],1e-08
7,7,0.67090156220591,0.6930156639770336,[[5.57142857 4.85714286] [2.57142857 9.57142857]],1e-07
7,7,0.7398362507058159,0.7330411434889047,[[7.57142857 2.85714286] [3.         9.14285714]],1e-06
7,7,0.688970449840015,0.6930471359356346,[[8.14285714 2.28571429] [4.71428571 7.42857143]],1e-05
7,7,0.6570910973084886,0.6929923213066321,[[8.42857143 2.        ] [5.71428571 6.42857143]],0.0001
7,8,0.5881093544137023,0.5907653608707164,[[ 2.          8.42857143] [ 0.85714286 11.28571429]],1e-09
7,8,0.582721626199887,0.5823695481509353,[[ 2.42857143  8.        ] [ 1.42857143 10.71428571]],1e-08
7,8,0.67090156220591,0.6930156639770336,[[5.57142857 4.85714286] [2.57142857 9.57142857]],1e-07
7,8,0.7398362507058159,0.7330411434889047,[[7.57142857 2.85714286] [3.         9.14285714]],1e-06
7,8,0.688970449840015,0.6930471359356346,[[8.14285714 2.28571429] [4.71428571 7.42857143]],1e-05
7,8,0.6570910973084886,0.6929923213066321,[[8.42857143 2.        ] [5.71428571 6.42857143]],0.0001
7,9,0.5881093544137023,0.5907653608707164,[[ 2.          8.42857143] [ 0.85714286 11.28571429]],1e-09
7,9,0.582721626199887,0.5823695481509353,[[ 2.42857143  8.        ] [ 1.42857143 10.71428571]],1e-08
7,9,0.67090156220591,0.6930156639770336,[[5.57142857 4.85714286] [2.57142857 9.57142857]],1e-07
7,9,0.7398362507058159,0.7330411434889047,[[7.57142857 2.85714286] [3.         9.14285714]],1e-06
7,9,0.688970449840015,0.6930471359356346,[[8.14285714 2.28571429] [4.71428571 7.42857143]],1e-05
7,9,0.6570910973084886,0.6929923213066321,[[8.42857143 2.        ] [5.71428571 6.42857143]],0.0001
10,0,0.582671568627451,0.5879171023761973,[[1.2 6.1] [0.5 8. ]],1e-09
10,0,0.5716911764705882,0.5830318467867164,[[1.  6.3] [0.5 8. ]],1e-08
10,0,0.6391176470588236,0.6983464343068778,[[3.5 3.8] [1.9 6.6]],1e-07
10,0,0.7135294117647059,0.7320219087674886,[[5.3 2. ] [2.5 6. ]],1e-06
10,0,0.6884313725490196,0.6933920938715664,[[5.8 1.5] [3.4 5.1]],1e-05
10,0,0.6770833333333333,0.691943826825457,[[6.2 1.1] [4.  4.5]],0.0001
10,1,0.582671568627451,0.5879171023761973,[[1.2 6.1] [0.5 8. ]],1e-09
10,1,0.5716911764705882,0.5830318467867164,[[1.  6.3] [0.5 8. ]],1e-08
10,1,0.6391176470588236,0.6983464343068778,[[3.5 3.8] [1.9 6.6]],1e-07
10,1,0.7135294117647059,0.7320219087674886,[[5.3 2. ] [2.5 6. ]],1e-06
10,1,0.6884313725490196,0.6933920938715664,[[5.8 1.5] [3.4 5.1]],1e-05
10,1,0.6770833333333333,0.691943826825457,[[6.2 1.1] [4.  4.5]],0.0001
10,2,0.582671568627451,0.5879171023761973,[[1.2 6.1] [0.5 8. ]],1e-09
10,2,0.5716911764705882,0.5830318467867164,[[1.  6.3] [0.5 8. ]],1e-08
10,2,0.6391176470588236,0.6983464343068778,[[3.5 3.8] [1.9 6.6]],1e-07
10,2,0.7135294117647059,0.7320219087674886,[[5.3 2. ] [2.5 6. ]],1e-06
10,2,0.6884313725490196,0.6933920938715664,[[5.8 1.5] [3.4 5.1]],1e-05
10,2,0.6770833333333333,0.691943826825457,[[6.2 1.1] [4.  4.5]],0.0001
10,3,0.582671568627451,0.5879171023761973,[[1.2 6.1] [0.5 8. ]],1e-09
10,3,0.5716911764705882,0.5830318467867164,[[1.  6.3] [0.5 8. ]],1e-08
10,3,0.6391176470588236,0.6983464343068778,[[3.5 3.8] [1.9 6.6]],1e-07
10,3,0.7135294117647059,0.7320219087674886,[[5.3 2. ] [2.5 6. ]],1e-06
10,3,0.6884313725490196,0.6933920938715664,[[5.8 1.5] [3.4 5.1]],1e-05
10,3,0.6770833333333333,0.691943826825457,[[6.2 1.1] [4.  4.5]],0.0001
10,4,0.582671568627451,0.5879171023761973,[[1.2 6.1] [0.5 8. ]],1e-09
10,4,0.5716911764705882,0.5830318467867164,[[1.  6.3] [0.5 8. ]],1e-08
10,4,0.6391176470588236,0.6983464343068778,[[3.5 3.8] [1.9 6.6]],1e-07
10,4,0.7135294117647059,0.7320219087674886,[[5.3 2. ] [2.5 6. ]],1e-06
10,4,0.6884313725490196,0.6933920938715664,[[5.8 1.5] [3.4 5.1]],1e-05
10,4,0.6770833333333333,0.691943826825457,[[6.2 1.1] [4.  4.5]],0.0001
10,5,0.582671568627451,0.5879171023761973,[[1.2 6.1] [0.5 8. ]],1e-09
10,5,0.5716911764705882,0.5830318467867164,[[1.  6.3] [0.5 8. ]],1e-08
10,5,0.6391176470588236,0.6983464343068778,[[3.5 3.8] [1.9 6.6]],1e-07
10,5,0.7135294117647059,0.7320219087674886,[[5.3 2. ] [2.5 6. ]],1e-06
10,5,0.6884313725490196,0.6933920938715664,[[5.8 1.5] [3.4 5.1]],1e-05
10,5,0.6770833333333333,0.691943826825457,[[6.2 1.1] [4.  4.5]],0.0001
10,6,0.582671568627451,0.5879171023761973,[[1.2 6.1] [0.5 8. ]],1e-09
10,6,0.5716911764705882,0.5830318467867164,[[1.  6.3] [0.5 8. ]],1e-08
10,6,0.6391176470588236,0.6983464343068778,[[3.5 3.8] [1.9 6.6]],1e-07
10,6,0.7135294117647059,0.7320219087674886,[[5.3 2. ] [2.5 6. ]],1e-06
10,6,0.6884313725490196,0.6933920938715664,[[5.8 1.5] [3.4 5.1]],1e-05
10,6,0.6770833333333333,0.691943826825457,[[6.2 1.1] [4.  4.5]],0.0001
10,7,0.582671568627451,0.5879171023761973,[[1.2 6.1] [0.5 8. ]],1e-09
10,7,0.5716911764705882,0.5830318467867164,[[1.  6.3] [0.5 8. ]],1e-08
10,7,0.6391176470588236,0.6983464343068778,[[3.5 3.8] [1.9 6.6]],1e-07
10,7,0.7135294117647059,0.7320219087674886,[[5.3 2. ] [2.5 6. ]],1e-06
10,7,0.6884313725490196,0.6933920938715664,[[5.8 1.5] [3.4 5.1]],1e-05
10,7,0.6770833333333333,0.691943826825457,[[6.2 1.1] [4.  4.5]],0.0001
10,8,0.582671568627451,0.5879171023761973,[[1.2 6.1] [0.5 8. ]],1e-09
10,8,0.5716911764705882,0.5830318467867164,[[1.  6.3] [0.5 8. ]],1e-08
10,8,0.6391176470588236,0.6983464343068778,[[3.5 3.8] [1.9 6.6]],1e-07
10,8,0.7135294117647059,0.7320219087674886,[[5.3 2. ] [2.5 6. ]],1e-06
10,8,0.6884313725490196,0.6933920938715664,[[5.8 1.5] [3.4 5.1]],1e-05
10,8,0.6770833333333333,0.691943826825457,[[6.2 1.1] [4.  4.5]],0.0001
10,9,0.582671568627451,0.5879171023761973,[[1.2 6.1] [0.5 8. ]],1e-09
10,9,0.5716911764705882,0.5830318467867164,[[1.  6.3] [0.5 8. ]],1e-08
10,9,0.6391176470588236,0.6983464343068778,[[3.5 3.8] [1.9 6.6]],1e-07
10,9,0.7135294117647059,0.7320219087674886,[[5.3 2. ] [2.5 6. ]],1e-06
10,9,0.6884313725490196,0.6933920938715664,[[5.8 1.5] [3.4 5.1]],1e-05
10,9,0.6770833333333333,0.691943826825457,[[6.2 1.1] [4.  4.5]],0.0001