Size,Ntrial,TestAcc,TrainAcc,ConfMatrix,Config
0.3,0,0.6846846846846847,0.723404255319149,[[42 12] [23 34]],1e-09
0.3,0,0.6666666666666666,0.7446808510638298,[[43 11] [26 31]],1e-08
0.3,0,0.6846846846846847,0.723404255319149,[[46  8] [27 30]],1e-07
0.3,0,0.7027027027027027,0.723404255319149,[[47  7] [26 31]],1e-06
0.3,0,0.7207207207207207,0.7446808510638298,[[50  4] [27 30]],1e-05
0.3,0,0.7117117117117117,0.723404255319149,[[49  5] [27 30]],0.0001
0.3,1,0.6756756756756757,0.6382978723404256,[[42 11] [25 33]],1e-09
0.3,1,0.6936936936936937,0.5957446808510638,[[46  7] [27 31]],1e-08
0.3,1,0.6936936936936937,0.6170212765957447,[[46  7] [27 31]],1e-07
0.3,1,0.6576576576576577,0.6170212765957447,[[43 10] [28 30]],1e-06
0.3,1,0.6306306306306306,0.6382978723404256,[[43 10] [31 27]],1e-05
0.3,1,0.6306306306306306,0.6170212765957447,[[43 10] [31 27]],0.0001
0.3,2,0.5495495495495496,0.6382978723404256,[[ 4 48] [ 2 57]],1e-09
0.3,2,0.5315315315315315,0.6170212765957447,[[ 2 50] [ 2 57]],1e-08
0.3,2,0.5495495495495496,0.6170212765957447,[[ 2 50] [ 0 59]],1e-07
0.3,2,0.5585585585585585,0.6170212765957447,[[ 5 47] [ 2 57]],1e-06
0.3,2,0.6576576576576577,0.7021276595744681,[[21 31] [ 7 52]],1e-05
0.3,2,0.6756756756756757,0.7021276595744681,[[33 19] [17 42]],0.0001
0.3,3,0.6306306306306306,0.723404255319149,[[38 13] [28 32]],1e-09
0.3,3,0.6306306306306306,0.723404255319149,[[38 13] [28 32]],1e-08
0.3,3,0.6306306306306306,0.7446808510638298,[[38 13] [28 32]],1e-07
0.3,3,0.6036036036036037,0.7659574468085106,[[38 13] [31 29]],1e-06
0.3,3,0.6216216216216216,0.7659574468085106,[[38 13] [29 31]],1e-05
0.3,3,0.6216216216216216,0.7659574468085106,[[38 13] [29 31]],0.0001
0.3,4,0.5135135135135135,0.6382978723404256,[[ 3 51] [ 3 54]],1e-09
0.3,4,0.5225225225225225,0.6382978723404256,[[ 3 51] [ 2 55]],1e-08
0.3,4,0.5135135135135135,0.6170212765957447,[[ 0 54] [ 0 57]],1e-07
0.3,4,0.6126126126126126,0.7021276595744681,[[14 40] [ 3 54]],1e-06
0.3,4,0.6666666666666666,0.7446808510638298,[[32 22] [15 42]],1e-05
0.3,4,0.6846846846846847,0.6595744680851063,[[42 12] [23 34]],0.0001
0.3,5,0.6396396396396397,0.723404255319149,[[45  7] [33 26]],1e-09
0.3,5,0.6936936936936937,0.7659574468085106,[[43  9] [25 34]],1e-08
0.3,5,0.7117117117117117,0.7446808510638298,[[45  7] [25 34]],1e-07
0.3,5,0.6756756756756757,0.8085106382978723,[[39 13] [23 36]],1e-06
0.3,5,0.6756756756756757,0.8297872340425532,[[38 14] [22 37]],1e-05
0.3,5,0.6756756756756757,0.8297872340425532,[[38 14] [22 37]],0.0001
0.3,6,0.6756756756756757,0.7021276595744681,[[49  6] [30 26]],1e-09
0.3,6,0.6936936936936937,0.723404255319149,[[51  4] [30 26]],1e-08
0.3,6,0.7027027027027027,0.723404255319149,[[51  4] [29 27]],1e-07
0.3,6,0.6666666666666666,0.6595744680851063,[[47  8] [29 27]],1e-06
0.3,6,0.6936936936936937,0.6382978723404256,[[48  7] [27 29]],1e-05
0.3,6,0.7117117117117117,0.6382978723404256,[[48  7] [25 31]],0.0001
0.3,7,0.6756756756756757,0.7021276595744681,[[40 11] [25 35]],1e-09
0.3,7,0.6936936936936937,0.723404255319149,[[41 10] [24 36]],1e-08
0.3,7,0.7027027027027027,0.723404255319149,[[43  8] [25 35]],1e-07
0.3,7,0.7207207207207207,0.7659574468085106,[[43  8] [23 37]],1e-06
0.3,7,0.7117117117117117,0.7659574468085106,[[43  8] [24 36]],1e-05
0.3,7,0.7207207207207207,0.7021276595744681,[[41 10] [21 39]],0.0001
0.3,8,0.5765765765765766,0.6170212765957447,[[10 43] [ 4 54]],1e-09
0.3,8,0.5585585585585585,0.6170212765957447,[[ 7 46] [ 3 55]],1e-08
0.3,8,0.5585585585585585,0.6170212765957447,[[ 7 46] [ 3 55]],1e-07
0.3,8,0.6126126126126126,0.6382978723404256,[[15 38] [ 5 53]],1e-06
0.3,8,0.7297297297297297,0.6382978723404256,[[32 21] [ 9 49]],1e-05
0.3,8,0.7207207207207207,0.5957446808510638,[[40 13] [18 40]],0.0001
0.3,9,0.6126126126126126,0.8723404255319149,[[34 18] [25 34]],1e-09
0.3,9,0.6126126126126126,0.851063829787234,[[35 17] [26 33]],1e-08
0.3,9,0.6126126126126126,0.851063829787234,[[35 17] [26 33]],1e-07
0.3,9,0.6036036036036037,0.8085106382978723,[[35 17] [27 32]],1e-06
0.3,9,0.5945945945945946,0.7872340425531915,[[34 18] [27 32]],1e-05
0.3,9,0.5945945945945946,0.7659574468085106,[[34 18] [27 32]],0.0001
0.5,0,0.6835443037974683,0.7341772151898734,[[30  7] [18 24]],1e-09
0.5,0,0.6835443037974683,0.7341772151898734,[[31  6] [19 23]],1e-08
0.5,0,0.6962025316455697,0.7468354430379747,[[33  4] [20 22]],1e-07
0.5,0,0.6582278481012658,0.759493670886076,[[32  5] [22 20]],1e-06
0.5,0,0.6708860759493671,0.7848101265822784,[[33  4] [22 20]],1e-05
0.5,0,0.6835443037974683,0.7848101265822784,[[33  4] [21 21]],0.0001
0.5,1,0.5316455696202531,0.5949367088607594,[[ 1 35] [ 2 41]],1e-09
0.5,1,0.5316455696202531,0.569620253164557,[[ 1 35] [ 2 41]],1e-08
0.5,1,0.6075949367088608,0.759493670886076,[[16 20] [11 32]],1e-07
0.5,1,0.6708860759493671,0.7341772151898734,[[22 14] [12 31]],1e-06
0.5,1,0.6708860759493671,0.6582278481012658,[[27  9] [17 26]],1e-05
0.5,1,0.7215189873417721,0.6962025316455697,[[33  3] [19 24]],0.0001
0.5,2,0.5316455696202531,0.5949367088607594,[[ 2 35] [ 2 40]],1e-09
0.5,2,0.5189873417721519,0.5822784810126582,[[ 1 36] [ 2 40]],1e-08
0.5,2,0.5443037974683544,0.5822784810126582,[[ 2 35] [ 1 41]],1e-07
0.5,2,0.6582278481012658,0.6962025316455697,[[14 23] [ 4 38]],1e-06
0.5,2,0.7341772151898734,0.7088607594936709,[[26 11] [10 32]],1e-05
0.5,2,0.7341772151898734,0.6455696202531646,[[30  7] [14 28]],0.0001
0.5,3,0.5569620253164557,0.5569620253164557,[[ 0 34] [ 1 44]],1e-09
0.5,3,0.5569620253164557,0.5443037974683544,[[ 0 34] [ 1 44]],1e-08
0.5,3,0.6962025316455697,0.6329113924050633,[[13 21] [ 3 42]],1e-07
0.5,3,0.759493670886076,0.6708860759493671,[[21 13] [ 6 39]],1e-06
0.5,3,0.6329113924050633,0.7088607594936709,[[23 11] [18 27]],1e-05
0.5,3,0.6075949367088608,0.6962025316455697,[[24 10] [21 24]],0.0001
0.5,4,0.4936708860759494,0.6455696202531646,[[ 4 37] [ 3 35]],1e-09
0.5,4,0.5063291139240507,0.6329113924050633,[[ 4 37] [ 2 36]],1e-08
0.5,4,0.5189873417721519,0.620253164556962,[[ 3 38] [ 0 38]],1e-07
0.5,4,0.5569620253164557,0.6582278481012658,[[ 7 34] [ 1 37]],1e-06
0.5,4,0.7088607594936709,0.6835443037974683,[[21 20] [ 3 35]],1e-05
0.5,4,0.7468354430379747,0.6455696202531646,[[33  8] [12 26]],0.0001
0.5,5,0.5949367088607594,0.7468354430379747,[[26  6] [26 21]],1e-09
0.5,5,0.620253164556962,0.7721518987341772,[[27  5] [25 22]],1e-08
0.5,5,0.620253164556962,0.7974683544303798,[[27  5] [25 22]],1e-07
0.5,5,0.6329113924050633,0.810126582278481,[[28  4] [25 22]],1e-06
0.5,5,0.6582278481012658,0.759493670886076,[[27  5] [22 25]],1e-05
0.5,5,0.6582278481012658,0.759493670886076,[[27  5] [22 25]],0.0001
0.5,6,0.569620253164557,0.569620253164557,[[ 5 33] [ 1 40]],1e-09
0.5,6,0.569620253164557,0.569620253164557,[[ 5 33] [ 1 40]],1e-08
0.5,6,0.5569620253164557,0.5822784810126582,[[ 6 32] [ 3 38]],1e-07
0.5,6,0.6582278481012658,0.7341772151898734,[[20 18] [ 9 32]],1e-06
0.5,6,0.7215189873417721,0.6962025316455697,[[29  9] [13 28]],1e-05
0.5,6,0.7341772151898734,0.6962025316455697,[[33  5] [16 25]],0.0001
0.5,7,0.6962025316455697,0.6962025316455697,[[28  9] [15 27]],1e-09
0.5,7,0.7088607594936709,0.6962025316455697,[[29  8] [15 27]],1e-08
0.5,7,0.7088607594936709,0.7215189873417721,[[29  8] [15 27]],1e-07
0.5,7,0.7088607594936709,0.7088607594936709,[[29  8] [15 27]],1e-06
0.5,7,0.7341772151898734,0.7341772151898734,[[33  4] [17 25]],1e-05
0.5,7,0.7215189873417721,0.7088607594936709,[[32  5] [17 25]],0.0001
0.5,8,0.5063291139240507,0.5949367088607594,[[ 1 38] [ 1 39]],1e-09
0.5,8,0.5189873417721519,0.5949367088607594,[[ 2 37] [ 1 39]],1e-08
0.5,8,0.6708860759493671,0.6582278481012658,[[15 24] [ 2 38]],1e-07
0.5,8,0.7341772151898734,0.6582278481012658,[[26 13] [ 8 32]],1e-06
0.5,8,0.6962025316455697,0.6708860759493671,[[30  9] [15 25]],1e-05
0.5,8,0.6835443037974683,0.6835443037974683,[[31  8] [17 23]],0.0001
0.5,9,0.569620253164557,0.7215189873417721,[[26 13] [21 19]],1e-09
0.5,9,0.5949367088607594,0.7468354430379747,[[29 10] [22 18]],1e-08
0.5,9,0.569620253164557,0.7341772151898734,[[28 11] [23 17]],1e-07
0.5,9,0.5822784810126582,0.7468354430379747,[[29 10] [23 17]],1e-06
0.5,9,0.5822784810126582,0.7215189873417721,[[30  9] [24 16]],1e-05
0.5,9,0.569620253164557,0.7341772151898734,[[29 10] [24 16]],0.0001
0.8,0,0.5625,0.7380952380952381,[[ 8  3] [11 10]],1e-09
0.8,0,0.5625,0.7301587301587301,[[ 9  2] [12  9]],1e-08
0.8,0,0.59375,0.7301587301587301,[[ 9  2] [11 10]],1e-07
0.8,0,0.5625,0.746031746031746,[[ 9  2] [12  9]],1e-06
0.8,0,0.59375,0.7380952380952381,[[ 9  2] [11 10]],1e-05
0.8,0,0.59375,0.7380952380952381,[[ 9  2] [11 10]],0.0001
0.8,1,0.625,0.5634920634920635,[[ 1 11] [ 1 19]],1e-09
0.8,1,0.5625,0.626984126984127,[[ 1 11] [ 3 17]],1e-08
0.8,1,0.65625,0.7380952380952381,[[ 4  8] [ 3 17]],1e-07
0.8,1,0.625,0.753968253968254,[[ 8  4] [ 8 12]],1e-06
0.8,1,0.59375,0.6587301587301587,[[ 8  4] [ 9 11]],1e-05
0.8,1,0.59375,0.7063492063492064,[[ 8  4] [ 9 11]],0.0001
0.8,2,0.65625,0.5634920634920635,[[ 1 11] [ 0 20]],1e-09
0.8,2,0.625,0.5396825396825397,[[ 1 11] [ 1 19]],1e-08
0.8,2,0.65625,0.6190476190476191,[[ 4  8] [ 3 17]],1e-07
0.8,2,0.8125,0.7222222222222222,[[ 9  3] [ 3 17]],1e-06
0.8,2,0.78125,0.7301587301587301,[[10  2] [ 5 15]],1e-05
0.8,2,0.71875,0.6746031746031746,[[10  2] [ 7 13]],0.0001
0.8,3,0.625,0.5555555555555556,[[ 1 11] [ 1 19]],1e-09
0.8,3,0.625,0.5555555555555556,[[ 2 10] [ 2 18]],1e-08
0.8,3,0.6875,0.7142857142857143,[[ 7  5] [ 5 15]],1e-07
0.8,3,0.65625,0.753968253968254,[[ 8  4] [ 7 13]],1e-06
0.8,3,0.59375,0.6746031746031746,[[ 9  3] [10 10]],1e-05
0.8,3,0.59375,0.6984126984126984,[[ 9  3] [10 10]],0.0001
0.8,4,0.40625,0.6111111111111112,[[ 1 18] [ 1 12]],1e-09
0.8,4,0.40625,0.5952380952380952,[[ 1 18] [ 1 12]],1e-08
0.8,4,0.59375,0.6587301587301587,[[ 6 13] [ 0 13]],1e-07
0.8,4,0.71875,0.7142857142857143,[[11  8] [ 1 12]],1e-06
0.8,4,0.84375,0.6984126984126984,[[16  3] [ 2 11]],1e-05
0.8,4,0.8125,0.6507936507936508,[[17  2] [ 4  9]],0.0001
0.8,5,0.65625,0.5634920634920635,[[ 0 11] [ 0 21]],1e-09
0.8,5,0.65625,0.5396825396825397,[[ 0 11] [ 0 21]],1e-08
0.8,5,0.6875,0.6349206349206349,[[ 3  8] [ 2 19]],1e-07
0.8,5,0.78125,0.7380952380952381,[[ 7  4] [ 3 18]],1e-06
0.8,5,0.71875,0.7142857142857143,[[ 9  2] [ 7 14]],1e-05
0.8,5,0.65625,0.6904761904761905,[[10  1] [10 11]],0.0001
0.8,6,0.53125,0.5873015873015873,[[ 1 15] [ 0 16]],1e-09
0.8,6,0.5,0.5793650793650794,[[ 0 16] [ 0 16]],1e-08
0.8,6,0.71875,0.6825396825396826,[[ 9  7] [ 2 14]],1e-07
0.8,6,0.84375,0.746031746031746,[[13  3] [ 2 14]],1e-06
0.8,6,0.71875,0.6904761904761905,[[14  2] [ 7  9]],1e-05
0.8,6,0.71875,0.6746031746031746,[[14  2] [ 7  9]],0.0001
0.8,7,0.65625,0.6984126984126984,[[13  2] [ 9  8]],1e-09
0.8,7,0.65625,0.6984126984126984,[[13  2] [ 9  8]],1e-08
0.8,7,0.65625,0.7142857142857143,[[13  2] [ 9  8]],1e-07
0.8,7,0.6875,0.7063492063492064,[[14  1] [ 9  8]],1e-06
0.8,7,0.6875,0.7142857142857143,[[14  1] [ 9  8]],1e-05
0.8,7,0.65625,0.7142857142857143,[[14  1] [10  7]],0.0001
0.8,8,0.625,0.5634920634920635,[[ 1 12] [ 0 19]],1e-09
0.8,8,0.71875,0.5555555555555556,[[ 5  8] [ 1 18]],1e-08
0.8,8,0.8125,0.6825396825396826,[[ 9  4] [ 2 17]],1e-07
0.8,8,0.8125,0.7301587301587301,[[12  1] [ 5 14]],1e-06
0.8,8,0.6875,0.6904761904761905,[[12  1] [ 9 10]],1e-05
0.8,8,0.6875,0.7063492063492064,[[12  1] [ 9 10]],0.0001
0.8,9,0.5625,0.5714285714285714,[[ 1 14] [ 0 17]],1e-09
0.8,9,0.6875,0.5873015873015873,[[ 5 10] [ 0 17]],1e-08
0.8,9,0.78125,0.6666666666666666,[[ 8  7] [ 0 17]],1e-07
0.8,9,0.75,0.7142857142857143,[[10  5] [ 3 14]],1e-06
0.8,9,0.6875,0.6746031746031746,[[12  3] [ 7 10]],1e-05
0.8,9,0.71875,0.6984126984126984,[[13  2] [ 7 10]],0.0001