Size,Ntrial,TestAcc,TrainAcc,ConfMatrix,Config
0.3,0,0.5567567567567567,1.0,[[37 54] [28 66]],1_1
0.3,0,0.6,1.0,[[39 52] [22 72]],1_2
0.3,0,0.5783783783783784,1.0,[[37 54] [24 70]],1_3
0.3,0,0.5837837837837838,1.0,[[37 54] [23 71]],1_4
0.3,0,0.5891891891891892,1.0,[[37 54] [22 72]],1_5
0.3,0,0.6,0.7468354430379747,[[56 35] [39 55]],6_1
0.3,0,0.5783783783783784,0.7215189873417721,[[58 33] [45 49]],6_2
0.3,0,0.572972972972973,0.7341772151898734,[[55 36] [43 51]],6_3
0.3,0,0.6,0.7721518987341772,[[58 33] [41 53]],6_4
0.3,0,0.6054054054054054,0.7848101265822784,[[60 31] [42 52]],6_5
0.3,0,0.5945945945945946,0.6835443037974683,[[41 50] [25 69]],11_1
0.3,0,0.5297297297297298,0.7088607594936709,[[37 54] [33 61]],11_2
0.3,0,0.5135135135135135,0.7848101265822784,[[34 57] [33 61]],11_3
0.3,0,0.5135135135135135,0.7721518987341772,[[35 56] [34 60]],11_4
0.3,0,0.5243243243243243,0.7468354430379747,[[35 56] [32 62]],11_5
0.3,0,0.6054054054054054,0.6582278481012658,[[52 39] [34 60]],16_1
0.3,0,0.654054054054054,0.7341772151898734,[[53 38] [26 68]],16_2
0.3,0,0.6216216216216216,0.6708860759493671,[[46 45] [25 69]],16_3
0.3,0,0.6162162162162163,0.6708860759493671,[[47 44] [27 67]],16_4
0.3,0,0.6108108108108108,0.6835443037974683,[[49 42] [30 64]],16_5
0.3,0,0.654054054054054,0.6962025316455697,[[44 47] [17 77]],21_1
0.3,0,0.6270270270270271,0.5949367088607594,[[37 54] [15 79]],21_2
0.3,0,0.6108108108108108,0.6329113924050633,[[34 57] [15 79]],21_3
0.3,0,0.5783783783783784,0.6329113924050633,[[31 60] [18 76]],21_4
0.3,0,0.5891891891891892,0.620253164556962,[[31 60] [16 78]],21_5
0.3,0,0.6756756756756757,0.7215189873417721,[[54 37] [23 71]],26_1
0.3,0,0.6162162162162163,0.6329113924050633,[[42 49] [22 72]],26_2
0.3,0,0.6054054054054054,0.6455696202531646,[[37 54] [19 75]],26_3
0.3,0,0.6,0.6455696202531646,[[36 55] [19 75]],26_4
0.3,0,0.6216216216216216,0.6455696202531646,[[38 53] [17 77]],26_5
0.3,1,0.6810810810810811,1.0,[[71 14] [45 55]],1_1
0.3,1,0.6864864864864865,1.0,[[70 15] [43 57]],1_2
0.3,1,0.6918918918918919,1.0,[[72 13] [44 56]],1_3
0.3,1,0.6702702702702703,1.0,[[68 17] [44 56]],1_4
0.3,1,0.6756756756756757,1.0,[[68 17] [43 57]],1_5
0.3,1,0.6270270270270271,0.6835443037974683,[[76  9] [60 40]],6_1
0.3,1,0.6486486486486487,0.7341772151898734,[[76  9] [56 44]],6_2
0.3,1,0.6378378378378379,0.7341772151898734,[[77  8] [59 41]],6_3
0.3,1,0.6324324324324324,0.7215189873417721,[[77  8] [60 40]],6_4
0.3,1,0.6378378378378379,0.7215189873417721,[[77  8] [59 41]],6_5
0.3,1,0.6702702702702703,0.759493670886076,[[79  6] [55 45]],11_1
0.3,1,0.6432432432432432,0.759493670886076,[[77  8] [58 42]],11_2
0.3,1,0.6378378378378379,0.7468354430379747,[[70 15] [52 48]],11_3
0.3,1,0.6486486486486487,0.7341772151898734,[[70 15] [50 50]],11_4
0.3,1,0.6486486486486487,0.7341772151898734,[[70 15] [50 50]],11_5
0.3,1,0.6054054054054054,0.6962025316455697,[[82  3] [70 30]],16_1
0.3,1,0.5837837837837838,0.6835443037974683,[[78  7] [70 30]],16_2
0.3,1,0.5945945945945946,0.6708860759493671,[[78  7] [68 32]],16_3
0.3,1,0.5891891891891892,0.6708860759493671,[[77  8] [68 32]],16_4
0.3,1,0.5837837837837838,0.6708860759493671,[[77  8] [69 31]],16_5
0.3,1,0.6432432432432432,0.6582278481012658,[[81  4] [62 38]],21_1
0.3,1,0.6324324324324324,0.6455696202531646,[[81  4] [64 36]],21_2
0.3,1,0.6324324324324324,0.6582278481012658,[[81  4] [64 36]],21_3
0.3,1,0.5891891891891892,0.6835443037974683,[[76  9] [67 33]],21_4
0.3,1,0.5891891891891892,0.6708860759493671,[[76  9] [67 33]],21_5
0.3,1,0.6216216216216216,0.6329113924050633,[[83  2] [68 32]],26_1
0.3,1,0.6108108108108108,0.6329113924050633,[[83  2] [70 30]],26_2
0.3,1,0.6108108108108108,0.6455696202531646,[[82  3] [69 31]],26_3
0.3,1,0.6054054054054054,0.6455696202531646,[[82  3] [70 30]],26_4
0.3,1,0.6,0.6329113924050633,[[82  3] [71 29]],26_5
0.3,2,0.5837837837837838,1.0,[[55 34] [43 53]],1_1
0.3,2,0.5945945945945946,1.0,[[53 36] [39 57]],1_2
0.3,2,0.572972972972973,1.0,[[50 39] [40 56]],1_3
0.3,2,0.5675675675675675,1.0,[[50 39] [41 55]],1_4
0.3,2,0.5621621621621622,1.0,[[50 39] [42 54]],1_5
0.3,2,0.572972972972973,0.7215189873417721,[[66 23] [56 40]],6_1
0.3,2,0.5837837837837838,0.7341772151898734,[[62 27] [50 46]],6_2
0.3,2,0.572972972972973,0.759493670886076,[[60 29] [50 46]],6_3
0.3,2,0.6162162162162163,0.7468354430379747,[[64 25] [46 50]],6_4
0.3,2,0.6054054054054054,0.7468354430379747,[[63 26] [47 49]],6_5
0.3,2,0.6,0.810126582278481,[[59 30] [44 52]],11_1
0.3,2,0.5675675675675675,0.7721518987341772,[[51 38] [42 54]],11_2
0.3,2,0.5837837837837838,0.759493670886076,[[54 35] [42 54]],11_3
0.3,2,0.5837837837837838,0.7848101265822784,[[54 35] [42 54]],11_4
0.3,2,0.5675675675675675,0.7468354430379747,[[52 37] [43 53]],11_5
0.3,2,0.572972972972973,0.7721518987341772,[[67 22] [57 39]],16_1
0.3,2,0.5891891891891892,0.7721518987341772,[[66 23] [53 43]],16_2
0.3,2,0.5621621621621622,0.759493670886076,[[63 26] [55 41]],16_3
0.3,2,0.5567567567567567,0.7468354430379747,[[62 27] [55 41]],16_4
0.3,2,0.5459459459459459,0.7468354430379747,[[61 28] [56 40]],16_5
0.3,2,0.6216216216216216,0.7848101265822784,[[67 22] [48 48]],21_1
0.3,2,0.6162162162162163,0.7721518987341772,[[65 24] [47 49]],21_2
0.3,2,0.5945945945945946,0.7468354430379747,[[62 27] [48 48]],21_3
0.3,2,0.6054054054054054,0.7721518987341772,[[62 27] [46 50]],21_4
0.3,2,0.572972972972973,0.7721518987341772,[[60 29] [50 46]],21_5
0.3,2,0.6324324324324324,0.759493670886076,[[78 11] [57 39]],26_1
0.3,2,0.5783783783783784,0.7721518987341772,[[69 20] [58 38]],26_2
0.3,2,0.5891891891891892,0.7468354430379747,[[65 24] [52 44]],26_3
0.3,2,0.5837837837837838,0.759493670886076,[[65 24] [53 43]],26_4
0.3,2,0.5675675675675675,0.7468354430379747,[[62 27] [53 43]],26_5
0.3,3,0.6216216216216216,1.0,[[68 16] [54 47]],1_1
0.3,3,0.6486486486486487,1.0,[[71 13] [52 49]],1_2
0.3,3,0.654054054054054,1.0,[[71 13] [51 50]],1_3
0.3,3,0.6594594594594595,1.0,[[71 13] [50 51]],1_4
0.3,3,0.654054054054054,1.0,[[71 13] [51 50]],1_5
0.3,3,0.5891891891891892,0.7974683544303798,[[79  5] [71 30]],6_1
0.3,3,0.6270270270270271,0.7468354430379747,[[82  2] [67 34]],6_2
0.3,3,0.6324324324324324,0.7341772151898734,[[81  3] [65 36]],6_3
0.3,3,0.6270270270270271,0.759493670886076,[[80  4] [65 36]],6_4
0.3,3,0.6270270270270271,0.759493670886076,[[80  4] [65 36]],6_5
0.3,3,0.6162162162162163,0.759493670886076,[[77  7] [64 37]],11_1
0.3,3,0.5837837837837838,0.7721518987341772,[[75  9] [68 33]],11_2
0.3,3,0.572972972972973,0.7215189873417721,[[77  7] [72 29]],11_3
0.3,3,0.5675675675675675,0.7341772151898734,[[75  9] [71 30]],11_4
0.3,3,0.5513513513513514,0.7341772151898734,[[71 13] [70 31]],11_5
0.3,3,0.5837837837837838,0.759493670886076,[[82  2] [75 26]],16_1
0.3,3,0.5837837837837838,0.7088607594936709,[[81  3] [74 27]],16_2
0.3,3,0.5675675675675675,0.6962025316455697,[[77  7] [73 28]],16_3
0.3,3,0.5783783783783784,0.6962025316455697,[[80  4] [74 27]],16_4
0.3,3,0.5783783783783784,0.7341772151898734,[[80  4] [74 27]],16_5
0.3,3,0.6270270270270271,0.759493670886076,[[80  4] [65 36]],21_1
0.3,3,0.5837837837837838,0.759493670886076,[[79  5] [72 29]],21_2
0.3,3,0.572972972972973,0.759493670886076,[[78  6] [73 28]],21_3
0.3,3,0.5783783783783784,0.759493670886076,[[78  6] [72 29]],21_4
0.3,3,0.572972972972973,0.7341772151898734,[[77  7] [72 29]],21_5
0.3,3,0.6054054054054054,0.7468354430379747,[[82  2] [71 30]],26_1
0.3,3,0.572972972972973,0.7341772151898734,[[80  4] [75 26]],26_2
0.3,3,0.5891891891891892,0.7088607594936709,[[79  5] [71 30]],26_3
0.3,3,0.5783783783783784,0.7215189873417721,[[76  8] [70 31]],26_4
0.3,3,0.5945945945945946,0.7215189873417721,[[76  8] [67 34]],26_5
0.3,4,0.5945945945945946,1.0,[[60 25] [50 50]],1_1
0.3,4,0.6270270270270271,1.0,[[64 21] [48 52]],1_2
0.3,4,0.6216216216216216,1.0,[[65 20] [50 50]],1_3
0.3,4,0.5945945945945946,1.0,[[64 21] [54 46]],1_4
0.3,4,0.5891891891891892,1.0,[[64 21] [55 45]],1_5
0.3,4,0.5945945945945946,0.6962025316455697,[[79  6] [69 31]],6_1
0.3,4,0.5567567567567567,0.7088607594936709,[[73 12] [70 30]],6_2
0.3,4,0.5891891891891892,0.6835443037974683,[[79  6] [70 30]],6_3
0.3,4,0.5837837837837838,0.6962025316455697,[[77  8] [69 31]],6_4
0.3,4,0.5837837837837838,0.6835443037974683,[[78  7] [70 30]],6_5
0.3,4,0.6,0.6962025316455697,[[71 14] [60 40]],11_1
0.3,4,0.6054054054054054,0.6708860759493671,[[71 14] [59 41]],11_2
0.3,4,0.5945945945945946,0.7088607594936709,[[70 15] [60 40]],11_3
0.3,4,0.5837837837837838,0.7215189873417721,[[69 16] [61 39]],11_4
0.3,4,0.5837837837837838,0.7215189873417721,[[68 17] [60 40]],11_5
0.3,4,0.6054054054054054,0.6582278481012658,[[78  7] [66 34]],16_1
0.3,4,0.6432432432432432,0.6455696202531646,[[81  4] [62 38]],16_2
0.3,4,0.6054054054054054,0.6455696202531646,[[76  9] [64 36]],16_3
0.3,4,0.6,0.620253164556962,[[74 11] [63 37]],16_4
0.3,4,0.6108108108108108,0.6329113924050633,[[75 10] [62 38]],16_5
0.3,4,0.6594594594594595,0.6708860759493671,[[80  5] [58 42]],21_1
0.3,4,0.6486486486486487,0.7088607594936709,[[77  8] [57 43]],21_2
0.3,4,0.6702702702702703,0.6708860759493671,[[77  8] [53 47]],21_3
0.3,4,0.6108108108108108,0.6708860759493671,[[70 15] [57 43]],21_4
0.3,4,0.6270270270270271,0.6708860759493671,[[71 14] [55 45]],21_5
0.3,4,0.6378378378378379,0.6582278481012658,[[82  3] [64 36]],26_1
0.3,4,0.6648648648648648,0.6455696202531646,[[82  3] [59 41]],26_2
0.3,4,0.6486486486486487,0.6455696202531646,[[81  4] [61 39]],26_3
0.3,4,0.6324324324324324,0.6329113924050633,[[78  7] [61 39]],26_4
0.3,4,0.6324324324324324,0.5949367088607594,[[77  8] [60 40]],26_5
0.3,5,0.6054054054054054,1.0,[[62 22] [51 50]],1_1
0.3,5,0.654054054054054,1.0,[[62 22] [42 59]],1_2
0.3,5,0.6486486486486487,1.0,[[62 22] [43 58]],1_3
0.3,5,0.6324324324324324,1.0,[[58 26] [42 59]],1_4
0.3,5,0.6378378378378379,1.0,[[58 26] [41 60]],1_5
0.3,5,0.5783783783783784,0.7848101265822784,[[69 15] [63 38]],6_1
0.3,5,0.5513513513513514,0.7468354430379747,[[64 20] [63 38]],6_2
0.3,5,0.5621621621621622,0.7215189873417721,[[65 19] [62 39]],6_3
0.3,5,0.5405405405405406,0.7088607594936709,[[63 21] [64 37]],6_4
0.3,5,0.5351351351351351,0.7088607594936709,[[62 22] [64 37]],6_5
0.3,5,0.5837837837837838,0.7468354430379747,[[62 22] [55 46]],11_1
0.3,5,0.572972972972973,0.7088607594936709,[[62 22] [57 44]],11_2
0.3,5,0.572972972972973,0.7088607594936709,[[60 24] [55 46]],11_3
0.3,5,0.5837837837837838,0.7215189873417721,[[60 24] [53 48]],11_4
0.3,5,0.5837837837837838,0.7215189873417721,[[60 24] [53 48]],11_5
0.3,5,0.5243243243243243,0.6962025316455697,[[64 20] [68 33]],16_1
0.3,5,0.572972972972973,0.6835443037974683,[[64 20] [59 42]],16_2
0.3,5,0.5675675675675675,0.6835443037974683,[[62 22] [58 43]],16_3
0.3,5,0.5513513513513514,0.6835443037974683,[[62 22] [61 40]],16_4
0.3,5,0.5621621621621622,0.6835443037974683,[[62 22] [59 42]],16_5
0.3,5,0.5567567567567567,0.6962025316455697,[[65 19] [63 38]],21_1
0.3,5,0.5675675675675675,0.6835443037974683,[[61 23] [57 44]],21_2
0.3,5,0.5621621621621622,0.6708860759493671,[[60 24] [57 44]],21_3
0.3,5,0.5351351351351351,0.6835443037974683,[[59 25] [61 40]],21_4
0.3,5,0.5405405405405406,0.6835443037974683,[[59 25] [60 41]],21_5
0.3,5,0.5297297297297298,0.7215189873417721,[[67 17] [70 31]],26_1
0.3,5,0.5675675675675675,0.6455696202531646,[[69 15] [65 36]],26_2
0.3,5,0.5243243243243243,0.6708860759493671,[[63 21] [67 34]],26_3
0.3,5,0.5297297297297298,0.6708860759493671,[[63 21] [66 35]],26_4
0.3,5,0.5297297297297298,0.6582278481012658,[[63 21] [66 35]],26_5
0.3,6,0.6594594594594595,1.0,[[60 25] [38 62]],1_1
0.3,6,0.6810810810810811,1.0,[[61 24] [35 65]],1_2
0.3,6,0.6810810810810811,1.0,[[60 25] [34 66]],1_3
0.3,6,0.6756756756756757,1.0,[[59 26] [34 66]],1_4
0.3,6,0.6648648648648648,1.0,[[58 27] [35 65]],1_5
0.3,6,0.6594594594594595,0.7341772151898734,[[75 10] [53 47]],6_1
0.3,6,0.6378378378378379,0.7341772151898734,[[73 12] [55 45]],6_2
0.3,6,0.6216216216216216,0.7341772151898734,[[74 11] [59 41]],6_3
0.3,6,0.6486486486486487,0.7215189873417721,[[75 10] [55 45]],6_4
0.3,6,0.6432432432432432,0.7215189873417721,[[75 10] [56 44]],6_5
0.3,6,0.6864864864864865,0.7215189873417721,[[75 10] [48 52]],11_1
0.3,6,0.6594594594594595,0.7215189873417721,[[74 11] [52 48]],11_2
0.3,6,0.6594594594594595,0.7088607594936709,[[74 11] [52 48]],11_3
0.3,6,0.6594594594594595,0.6962025316455697,[[77  8] [55 45]],11_4
0.3,6,0.6432432432432432,0.6962025316455697,[[75 10] [56 44]],11_5
0.3,6,0.6594594594594595,0.6708860759493671,[[81  4] [59 41]],16_1
0.3,6,0.6324324324324324,0.6835443037974683,[[80  5] [63 37]],16_2
0.3,6,0.6378378378378379,0.6455696202531646,[[80  5] [62 38]],16_3
0.3,6,0.6324324324324324,0.6582278481012658,[[80  5] [63 37]],16_4
0.3,6,0.6270270270270271,0.6708860759493671,[[79  6] [63 37]],16_5
0.3,6,0.6864864864864865,0.6835443037974683,[[80  5] [53 47]],21_1
0.3,6,0.6594594594594595,0.620253164556962,[[75 10] [53 47]],21_2
0.3,6,0.6054054054054054,0.6329113924050633,[[72 13] [60 40]],21_3
0.3,6,0.6054054054054054,0.6455696202531646,[[73 12] [61 39]],21_4
0.3,6,0.6,0.6329113924050633,[[73 12] [62 38]],21_5
0.3,6,0.6378378378378379,0.6329113924050633,[[80  5] [62 38]],26_1
0.3,6,0.6108108108108108,0.6329113924050633,[[81  4] [68 32]],26_2
0.3,6,0.5945945945945946,0.6329113924050633,[[79  6] [69 31]],26_3
0.3,6,0.6,0.620253164556962,[[81  4] [70 30]],26_4
0.3,6,0.6054054054054054,0.6329113924050633,[[81  4] [69 31]],26_5
0.3,7,0.6324324324324324,1.0,[[62 29] [39 55]],1_1
0.3,7,0.654054054054054,1.0,[[59 32] [32 62]],1_2
0.3,7,0.654054054054054,1.0,[[58 33] [31 63]],1_3
0.3,7,0.6486486486486487,1.0,[[58 33] [32 62]],1_4
0.3,7,0.6648648648648648,1.0,[[60 31] [31 63]],1_5
0.3,7,0.6594594594594595,0.7341772151898734,[[78 13] [50 44]],6_1
0.3,7,0.6702702702702703,0.7341772151898734,[[79 12] [49 45]],6_2
0.3,7,0.6918918918918919,0.7468354430379747,[[81 10] [47 47]],6_3
0.3,7,0.6972972972972973,0.7215189873417721,[[81 10] [46 48]],6_4
0.3,7,0.6756756756756757,0.7468354430379747,[[80 11] [49 45]],6_5
0.3,7,0.654054054054054,0.7721518987341772,[[66 25] [39 55]],11_1
0.3,7,0.6432432432432432,0.759493670886076,[[66 25] [41 53]],11_2
0.3,7,0.6486486486486487,0.7468354430379747,[[64 27] [38 56]],11_3
0.3,7,0.6486486486486487,0.7341772151898734,[[64 27] [38 56]],11_4
0.3,7,0.6324324324324324,0.7341772151898734,[[62 29] [39 55]],11_5
0.3,7,0.6756756756756757,0.7341772151898734,[[76 15] [45 49]],16_1
0.3,7,0.6648648648648648,0.7468354430379747,[[72 19] [43 51]],16_2
0.3,7,0.6270270270270271,0.6962025316455697,[[66 25] [44 50]],16_3
0.3,7,0.6648648648648648,0.6962025316455697,[[71 20] [42 52]],16_4
0.3,7,0.6756756756756757,0.6708860759493671,[[73 18] [42 52]],16_5
0.3,7,0.6756756756756757,0.7215189873417721,[[73 18] [42 52]],21_1
0.3,7,0.6486486486486487,0.7341772151898734,[[64 27] [38 56]],21_2
0.3,7,0.6216216216216216,0.6962025316455697,[[59 32] [38 56]],21_3
0.3,7,0.6054054054054054,0.7215189873417721,[[57 34] [39 55]],21_4
0.3,7,0.6,0.7215189873417721,[[57 34] [40 54]],21_5
0.3,7,0.6702702702702703,0.759493670886076,[[79 12] [49 45]],26_1
0.3,7,0.654054054054054,0.6708860759493671,[[65 26] [38 56]],26_2
0.3,7,0.6216216216216216,0.6835443037974683,[[60 31] [39 55]],26_3
0.3,7,0.6216216216216216,0.6708860759493671,[[56 35] [35 59]],26_4
0.3,7,0.6162162162162163,0.6708860759493671,[[54 37] [34 60]],26_5
0.3,8,0.6162162162162163,1.0,[[55 29] [42 59]],1_1
0.3,8,0.6108108108108108,1.0,[[52 32] [40 61]],1_2
0.3,8,0.6378378378378379,1.0,[[53 31] [36 65]],1_3
0.3,8,0.654054054054054,1.0,[[55 29] [35 66]],1_4
0.3,8,0.654054054054054,1.0,[[55 29] [35 66]],1_5
0.3,8,0.654054054054054,0.7215189873417721,[[80  4] [60 41]],6_1
0.3,8,0.6594594594594595,0.6835443037974683,[[78  6] [57 44]],6_2
0.3,8,0.6432432432432432,0.6582278481012658,[[77  7] [59 42]],6_3
0.3,8,0.6378378378378379,0.6708860759493671,[[76  8] [59 42]],6_4
0.3,8,0.6378378378378379,0.6455696202531646,[[77  7] [60 41]],6_5
0.3,8,0.6594594594594595,0.6835443037974683,[[79  5] [58 43]],11_1
0.3,8,0.6648648648648648,0.6962025316455697,[[81  3] [59 42]],11_2
0.3,8,0.6486486486486487,0.7215189873417721,[[80  4] [61 40]],11_3
0.3,8,0.6486486486486487,0.7215189873417721,[[80  4] [61 40]],11_4
0.3,8,0.6432432432432432,0.7341772151898734,[[78  6] [60 41]],11_5
0.3,8,0.6270270270270271,0.620253164556962,[[82  2] [67 34]],16_1
0.3,8,0.6054054054054054,0.6455696202531646,[[78  6] [67 34]],16_2
0.3,8,0.6,0.620253164556962,[[75  9] [65 36]],16_3
0.3,8,0.6162162162162163,0.6329113924050633,[[77  7] [64 37]],16_4
0.3,8,0.6270270270270271,0.6582278481012658,[[80  4] [65 36]],16_5
0.3,8,0.6648648648648648,0.6329113924050633,[[82  2] [60 41]],21_1
0.3,8,0.6054054054054054,0.6329113924050633,[[77  7] [66 35]],21_2
0.3,8,0.5945945945945946,0.6329113924050633,[[76  8] [67 34]],21_3
0.3,8,0.5891891891891892,0.6455696202531646,[[76  8] [68 33]],21_4
0.3,8,0.5945945945945946,0.6455696202531646,[[76  8] [67 34]],21_5
0.3,8,0.5675675675675675,0.5949367088607594,[[82  2] [78 23]],26_1
0.3,8,0.5513513513513514,0.5822784810126582,[[81  3] [80 21]],26_2
0.3,8,0.5675675675675675,0.5949367088607594,[[82  2] [78 23]],26_3
0.3,8,0.5513513513513514,0.6075949367088608,[[82  2] [81 20]],26_4
0.3,8,0.5567567567567567,0.6075949367088608,[[82  2] [80 21]],26_5
0.3,9,0.5945945945945946,1.0,[[52 35] [40 58]],1_1
0.3,9,0.5459459459459459,1.0,[[46 41] [43 55]],1_2
0.3,9,0.5837837837837838,1.0,[[54 33] [44 54]],1_3
0.3,9,0.5783783783783784,1.0,[[53 34] [44 54]],1_4
0.3,9,0.5891891891891892,1.0,[[53 34] [42 56]],1_5
0.3,9,0.6216216216216216,0.7088607594936709,[[76 11] [59 39]],6_1
0.3,9,0.6216216216216216,0.6835443037974683,[[72 15] [55 43]],6_2
0.3,9,0.6486486486486487,0.759493670886076,[[75 12] [53 45]],6_3
0.3,9,0.6324324324324324,0.7721518987341772,[[74 13] [55 43]],6_4
0.3,9,0.6378378378378379,0.7721518987341772,[[74 13] [54 44]],6_5
0.3,9,0.6918918918918919,0.7215189873417721,[[77 10] [47 51]],11_1
0.3,9,0.6702702702702703,0.759493670886076,[[76 11] [50 48]],11_2
0.3,9,0.6648648648648648,0.7468354430379747,[[73 14] [48 50]],11_3
0.3,9,0.6594594594594595,0.759493670886076,[[72 15] [48 50]],11_4
0.3,9,0.6594594594594595,0.7468354430379747,[[71 16] [47 51]],11_5
0.3,9,0.654054054054054,0.6962025316455697,[[81  6] [58 40]],16_1
0.3,9,0.6162162162162163,0.7215189873417721,[[73 14] [57 41]],16_2
0.3,9,0.6216216216216216,0.7215189873417721,[[71 16] [54 44]],16_3
0.3,9,0.6270270270270271,0.7468354430379747,[[71 16] [53 45]],16_4
0.3,9,0.6216216216216216,0.759493670886076,[[70 17] [53 45]],16_5
0.3,9,0.6486486486486487,0.7468354430379747,[[71 16] [49 49]],21_1
0.3,9,0.6216216216216216,0.7088607594936709,[[64 23] [47 51]],21_2
0.3,9,0.5837837837837838,0.6708860759493671,[[63 24] [53 45]],21_3
0.3,9,0.5837837837837838,0.6962025316455697,[[63 24] [53 45]],21_4
0.3,9,0.5891891891891892,0.6962025316455697,[[63 24] [52 46]],21_5
0.3,9,0.6378378378378379,0.7088607594936709,[[78  9] [58 40]],26_1
0.3,9,0.5945945945945946,0.6708860759493671,[[68 19] [56 42]],26_2
0.3,9,0.6054054054054054,0.6582278481012658,[[69 18] [55 43]],26_3
0.3,9,0.5891891891891892,0.6455696202531646,[[66 21] [55 43]],26_4
0.3,9,0.5891891891891892,0.620253164556962,[[64 23] [53 45]],26_5
0.5,0,0.6287878787878788,1.0,[[39 23] [26 44]],1_1
0.5,0,0.6439393939393939,1.0,[[37 25] [22 48]],1_2
0.5,0,0.6439393939393939,1.0,[[39 23] [24 46]],1_3
0.5,0,0.6515151515151515,1.0,[[39 23] [23 47]],1_4
0.5,0,0.6590909090909091,1.0,[[39 23] [22 48]],1_5
0.5,0,0.6287878787878788,0.7045454545454546,[[52 10] [39 31]],6_1
0.5,0,0.6666666666666666,0.696969696969697,[[51 11] [33 37]],6_2
0.5,0,0.7045454545454546,0.7045454545454546,[[52 10] [29 41]],6_3
0.5,0,0.7045454545454546,0.6893939393939394,[[53  9] [30 40]],6_4
0.5,0,0.6666666666666666,0.7045454545454546,[[52 10] [34 36]],6_5
0.5,0,0.6515151515151515,0.696969696969697,[[50 12] [34 36]],11_1
0.5,0,0.6287878787878788,0.7045454545454546,[[49 13] [36 34]],11_2
0.5,0,0.6136363636363636,0.6893939393939394,[[46 16] [35 35]],11_3
0.5,0,0.6136363636363636,0.696969696969697,[[47 15] [36 34]],11_4
0.5,0,0.6060606060606061,0.6742424242424242,[[47 15] [37 33]],11_5
0.5,0,0.6742424242424242,0.6666666666666666,[[59  3] [40 30]],16_1
0.5,0,0.6363636363636364,0.6439393939393939,[[58  4] [44 26]],16_2
0.5,0,0.6212121212121212,0.6590909090909091,[[53  9] [41 29]],16_3
0.5,0,0.6439393939393939,0.6590909090909091,[[54  8] [39 31]],16_4
0.5,0,0.6439393939393939,0.6666666666666666,[[54  8] [39 31]],16_5
0.5,0,0.6590909090909091,0.6439393939393939,[[56  6] [39 31]],21_1
0.5,0,0.6287878787878788,0.6287878787878788,[[51 11] [38 32]],21_2
0.5,0,0.6666666666666666,0.6742424242424242,[[51 11] [33 37]],21_3
0.5,0,0.6515151515151515,0.6666666666666666,[[48 14] [32 38]],21_4
0.5,0,0.6212121212121212,0.6666666666666666,[[45 17] [33 37]],21_5
0.5,0,0.6439393939393939,0.6439393939393939,[[58  4] [43 27]],26_1
0.5,0,0.7045454545454546,0.6212121212121212,[[57  5] [34 36]],26_2
0.5,0,0.7272727272727273,0.6363636363636364,[[56  6] [30 40]],26_3
0.5,0,0.7348484848484849,0.6212121212121212,[[56  6] [29 41]],26_4
0.5,0,0.7348484848484849,0.6287878787878788,[[56  6] [29 41]],26_5
0.5,1,0.7045454545454546,1.0,[[55  9] [30 38]],1_1
0.5,1,0.75,1.0,[[56  8] [25 43]],1_2
0.5,1,0.7651515151515151,1.0,[[56  8] [23 45]],1_3
0.5,1,0.75,1.0,[[52 12] [21 47]],1_4
0.5,1,0.7575757575757576,1.0,[[53 11] [21 47]],1_5
0.5,1,0.6363636363636364,0.7803030303030303,[[55  9] [39 29]],6_1
0.5,1,0.6666666666666666,0.7878787878787878,[[56  8] [36 32]],6_2
0.5,1,0.6515151515151515,0.7727272727272727,[[56  8] [38 30]],6_3
0.5,1,0.6515151515151515,0.7727272727272727,[[57  7] [39 29]],6_4
0.5,1,0.6666666666666666,0.7727272727272727,[[57  7] [37 31]],6_5
0.5,1,0.6287878787878788,0.75,[[52 12] [37 31]],11_1
0.5,1,0.6742424242424242,0.7045454545454546,[[52 12] [31 37]],11_2
0.5,1,0.6590909090909091,0.7424242424242424,[[52 12] [33 35]],11_3
0.5,1,0.6666666666666666,0.7424242424242424,[[51 13] [31 37]],11_4
0.5,1,0.6515151515151515,0.7348484848484849,[[49 15] [31 37]],11_5
0.5,1,0.6590909090909091,0.7045454545454546,[[60  4] [41 27]],16_1
0.5,1,0.6666666666666666,0.6893939393939394,[[58  6] [38 30]],16_2
0.5,1,0.6666666666666666,0.6893939393939394,[[57  7] [37 31]],16_3
0.5,1,0.6742424242424242,0.696969696969697,[[57  7] [36 32]],16_4
0.5,1,0.6893939393939394,0.6893939393939394,[[57  7] [34 34]],16_5
0.5,1,0.7121212121212122,0.7575757575757576,[[59  5] [33 35]],21_1
0.5,1,0.6742424242424242,0.6893939393939394,[[56  8] [35 33]],21_2
0.5,1,0.6666666666666666,0.6742424242424242,[[54 10] [34 34]],21_3
0.5,1,0.6742424242424242,0.6742424242424242,[[54 10] [33 35]],21_4
0.5,1,0.6742424242424242,0.6818181818181818,[[54 10] [33 35]],21_5
0.5,1,0.6515151515151515,0.6742424242424242,[[57  7] [39 29]],26_1
0.5,1,0.6363636363636364,0.6590909090909091,[[57  7] [41 27]],26_2
0.5,1,0.6287878787878788,0.6212121212121212,[[54 10] [39 29]],26_3
0.5,1,0.6212121212121212,0.6287878787878788,[[52 12] [38 30]],26_4
0.5,1,0.6212121212121212,0.6363636363636364,[[52 12] [38 30]],26_5
0.5,2,0.6515151515151515,1.0,[[51 10] [36 35]],1_1
0.5,2,0.696969696969697,1.0,[[50 11] [29 42]],1_2
0.5,2,0.7045454545454546,1.0,[[50 11] [28 43]],1_3
0.5,2,0.6893939393939394,1.0,[[50 11] [30 41]],1_4
0.5,2,0.6666666666666666,1.0,[[48 13] [31 40]],1_5
0.5,2,0.6136363636363636,0.7727272727272727,[[52  9] [42 29]],6_1
0.5,2,0.5833333333333334,0.7727272727272727,[[48 13] [42 29]],6_2
0.5,2,0.6136363636363636,0.7727272727272727,[[51 10] [41 30]],6_3
0.5,2,0.6136363636363636,0.7727272727272727,[[51 10] [41 30]],6_4
0.5,2,0.6060606060606061,0.7575757575757576,[[51 10] [42 29]],6_5
0.5,2,0.5984848484848485,0.75,[[47 14] [39 32]],11_1
0.5,2,0.6212121212121212,0.7272727272727273,[[48 13] [37 34]],11_2
0.5,2,0.5909090909090909,0.7272727272727273,[[45 16] [38 33]],11_3
0.5,2,0.5909090909090909,0.7121212121212122,[[45 16] [38 33]],11_4
0.5,2,0.5984848484848485,0.7272727272727273,[[45 16] [37 34]],11_5
0.5,2,0.5984848484848485,0.7272727272727273,[[53  8] [45 26]],16_1
0.5,2,0.6287878787878788,0.7424242424242424,[[52  9] [40 31]],16_2
0.5,2,0.6287878787878788,0.7348484848484849,[[51 10] [39 32]],16_3
0.5,2,0.6212121212121212,0.7348484848484849,[[51 10] [40 31]],16_4
0.5,2,0.5909090909090909,0.7272727272727273,[[50 11] [43 28]],16_5
0.5,2,0.6136363636363636,0.7045454545454546,[[53  8] [43 28]],21_1
0.5,2,0.5909090909090909,0.7196969696969697,[[49 12] [42 29]],21_2
0.5,2,0.6212121212121212,0.7196969696969697,[[49 12] [38 33]],21_3
0.5,2,0.6136363636363636,0.7196969696969697,[[49 12] [39 32]],21_4
0.5,2,0.5984848484848485,0.7196969696969697,[[49 12] [41 30]],21_5
0.5,2,0.6136363636363636,0.7121212121212122,[[54  7] [44 27]],26_1
0.5,2,0.553030303030303,0.7045454545454546,[[48 13] [46 25]],26_2
0.5,2,0.5757575757575758,0.7272727272727273,[[51 10] [46 25]],26_3
0.5,2,0.5757575757575758,0.7196969696969697,[[52  9] [47 24]],26_4
0.5,2,0.5757575757575758,0.7196969696969697,[[51 10] [46 25]],26_5
0.5,3,0.6742424242424242,1.0,[[49  7] [36 40]],1_1
0.5,3,0.696969696969697,1.0,[[49  7] [33 43]],1_2
0.5,3,0.7121212121212122,1.0,[[49  7] [31 45]],1_3
0.5,3,0.7121212121212122,1.0,[[48  8] [30 46]],1_4
0.5,3,0.7121212121212122,1.0,[[49  7] [31 45]],1_5
0.5,3,0.6439393939393939,0.7424242424242424,[[53  3] [44 32]],6_1
0.5,3,0.6439393939393939,0.7424242424242424,[[52  4] [43 33]],6_2
0.5,3,0.6363636363636364,0.7348484848484849,[[52  4] [44 32]],6_3
0.5,3,0.6363636363636364,0.7424242424242424,[[52  4] [44 32]],6_4
0.5,3,0.6363636363636364,0.7424242424242424,[[52  4] [44 32]],6_5
0.5,3,0.6439393939393939,0.7424242424242424,[[52  4] [43 33]],11_1
0.5,3,0.5909090909090909,0.7348484848484849,[[46 10] [44 32]],11_2
0.5,3,0.5984848484848485,0.7424242424242424,[[46 10] [43 33]],11_3
0.5,3,0.6060606060606061,0.7196969696969697,[[46 10] [42 34]],11_4
0.5,3,0.6136363636363636,0.7196969696969697,[[47  9] [42 34]],11_5
0.5,3,0.6212121212121212,0.696969696969697,[[53  3] [47 29]],16_1
0.5,3,0.5681818181818182,0.6893939393939394,[[51  5] [52 24]],16_2
0.5,3,0.5833333333333334,0.7045454545454546,[[51  5] [50 26]],16_3
0.5,3,0.5833333333333334,0.7045454545454546,[[51  5] [50 26]],16_4
0.5,3,0.5909090909090909,0.7045454545454546,[[51  5] [49 27]],16_5
0.5,3,0.6136363636363636,0.696969696969697,[[53  3] [48 28]],21_1
0.5,3,0.6060606060606061,0.7045454545454546,[[50  6] [46 30]],21_2
0.5,3,0.6060606060606061,0.6666666666666666,[[49  7] [45 31]],21_3
0.5,3,0.6212121212121212,0.6818181818181818,[[47  9] [41 35]],21_4
0.5,3,0.6060606060606061,0.6742424242424242,[[45 11] [41 35]],21_5
0.5,3,0.5833333333333334,0.696969696969697,[[53  3] [52 24]],26_1
0.5,3,0.5757575757575758,0.6818181818181818,[[52  4] [52 24]],26_2
0.5,3,0.5833333333333334,0.6590909090909091,[[51  5] [50 26]],26_3
0.5,3,0.5833333333333334,0.6439393939393939,[[50  6] [49 27]],26_4
0.5,3,0.5833333333333334,0.6439393939393939,[[50  6] [49 27]],26_5
0.5,4,0.6439393939393939,1.0,[[46 15] [32 39]],1_1
0.5,4,0.6439393939393939,1.0,[[46 15] [32 39]],1_2
0.5,4,0.6439393939393939,1.0,[[46 15] [32 39]],1_3
0.5,4,0.6363636363636364,1.0,[[46 15] [33 38]],1_4
0.5,4,0.6363636363636364,1.0,[[46 15] [33 38]],1_5
0.5,4,0.6136363636363636,0.7121212121212122,[[51 10] [41 30]],6_1
0.5,4,0.5833333333333334,0.6893939393939394,[[47 14] [41 30]],6_2
0.5,4,0.6212121212121212,0.6893939393939394,[[52  9] [41 30]],6_3
0.5,4,0.6136363636363636,0.7045454545454546,[[52  9] [42 29]],6_4
0.5,4,0.6212121212121212,0.7121212121212122,[[53  8] [42 29]],6_5
0.5,4,0.6439393939393939,0.6893939393939394,[[53  8] [39 32]],11_1
0.5,4,0.6893939393939394,0.7272727272727273,[[55  6] [35 36]],11_2
0.5,4,0.6893939393939394,0.7424242424242424,[[55  6] [35 36]],11_3
0.5,4,0.6590909090909091,0.7424242424242424,[[53  8] [37 34]],11_4
0.5,4,0.6590909090909091,0.7424242424242424,[[53  8] [37 34]],11_5
0.5,4,0.6818181818181818,0.6363636363636364,[[59  2] [40 31]],16_1
0.5,4,0.6590909090909091,0.6515151515151515,[[58  3] [42 29]],16_2
0.5,4,0.6515151515151515,0.6818181818181818,[[58  3] [43 28]],16_3
0.5,4,0.6590909090909091,0.6742424242424242,[[58  3] [42 29]],16_4
0.5,4,0.6515151515151515,0.6893939393939394,[[58  3] [43 28]],16_5
0.5,4,0.7121212121212122,0.6666666666666666,[[57  4] [34 37]],21_1
0.5,4,0.6818181818181818,0.6666666666666666,[[55  6] [36 35]],21_2
0.5,4,0.6818181818181818,0.6439393939393939,[[56  5] [37 34]],21_3
0.5,4,0.6363636363636364,0.6666666666666666,[[54  7] [41 30]],21_4
0.5,4,0.6363636363636364,0.6666666666666666,[[52  9] [39 32]],21_5
0.5,4,0.6287878787878788,0.6515151515151515,[[58  3] [46 25]],26_1
0.5,4,0.6287878787878788,0.6439393939393939,[[57  4] [45 26]],26_2
0.5,4,0.6439393939393939,0.6742424242424242,[[57  4] [43 28]],26_3
0.5,4,0.6439393939393939,0.6666666666666666,[[57  4] [43 28]],26_4
0.5,4,0.6439393939393939,0.6590909090909091,[[57  4] [43 28]],26_5
0.5,5,0.7045454545454546,1.0,[[50 13] [26 43]],1_1
0.5,5,0.7424242424242424,1.0,[[50 13] [21 48]],1_2
0.5,5,0.75,1.0,[[51 12] [21 48]],1_3
0.5,5,0.7348484848484849,1.0,[[49 14] [21 48]],1_4
0.5,5,0.7272727272727273,1.0,[[48 15] [21 48]],1_5
0.5,5,0.6666666666666666,0.7196969696969697,[[48 15] [29 40]],6_1
0.5,5,0.6666666666666666,0.6893939393939394,[[50 13] [31 38]],6_2
0.5,5,0.6590909090909091,0.6666666666666666,[[50 13] [32 37]],6_3
0.5,5,0.6439393939393939,0.6590909090909091,[[48 15] [32 37]],6_4
0.5,5,0.6515151515151515,0.6590909090909091,[[49 14] [32 37]],6_5
0.5,5,0.6818181818181818,0.6893939393939394,[[47 16] [26 43]],11_1
0.5,5,0.6515151515151515,0.696969696969697,[[47 16] [30 39]],11_2
0.5,5,0.6439393939393939,0.7045454545454546,[[46 17] [30 39]],11_3
0.5,5,0.6439393939393939,0.7121212121212122,[[45 18] [29 40]],11_4
0.5,5,0.6212121212121212,0.7121212121212122,[[44 19] [31 38]],11_5
0.5,5,0.6515151515151515,0.6439393939393939,[[53 10] [36 33]],16_1
0.5,5,0.7045454545454546,0.6590909090909091,[[55  8] [31 38]],16_2
0.5,5,0.7121212121212122,0.6893939393939394,[[55  8] [30 39]],16_3
0.5,5,0.7121212121212122,0.6666666666666666,[[54  9] [29 40]],16_4
0.5,5,0.6893939393939394,0.6363636363636364,[[52 11] [30 39]],16_5
0.5,5,0.6742424242424242,0.6515151515151515,[[49 14] [29 40]],21_1
0.5,5,0.6439393939393939,0.5909090909090909,[[44 19] [28 41]],21_2
0.5,5,0.6742424242424242,0.6287878787878788,[[47 16] [27 42]],21_3
0.5,5,0.6666666666666666,0.6136363636363636,[[47 16] [28 41]],21_4
0.5,5,0.6666666666666666,0.6287878787878788,[[47 16] [28 41]],21_5
0.5,5,0.6742424242424242,0.6363636363636364,[[52 11] [32 37]],26_1
0.5,5,0.6439393939393939,0.6287878787878788,[[49 14] [33 36]],26_2
0.5,5,0.6590909090909091,0.6666666666666666,[[49 14] [31 38]],26_3
0.5,5,0.6666666666666666,0.6590909090909091,[[50 13] [31 38]],26_4
0.5,5,0.6818181818181818,0.6363636363636364,[[51 12] [30 39]],26_5
0.5,6,0.6136363636363636,1.0,[[36 26] [25 45]],1_1
0.5,6,0.6515151515151515,1.0,[[37 25] [21 49]],1_2
0.5,6,0.6439393939393939,1.0,[[36 26] [21 49]],1_3
0.5,6,0.6515151515151515,1.0,[[36 26] [20 50]],1_4
0.5,6,0.6666666666666666,1.0,[[36 26] [18 52]],1_5
0.5,6,0.6818181818181818,0.7272727272727273,[[45 17] [25 45]],6_1
0.5,6,0.6666666666666666,0.7272727272727273,[[43 19] [25 45]],6_2
0.5,6,0.6742424242424242,0.7348484848484849,[[46 16] [27 43]],6_3
0.5,6,0.6818181818181818,0.7424242424242424,[[46 16] [26 44]],6_4
0.5,6,0.696969696969697,0.75,[[45 17] [23 47]],6_5
0.5,6,0.6590909090909091,0.7121212121212122,[[40 22] [23 47]],11_1
0.5,6,0.6439393939393939,0.7121212121212122,[[42 20] [27 43]],11_2
0.5,6,0.6287878787878788,0.7121212121212122,[[42 20] [29 41]],11_3
0.5,6,0.6818181818181818,0.7196969696969697,[[44 18] [24 46]],11_4
0.5,6,0.7045454545454546,0.7045454545454546,[[47 15] [24 46]],11_5
0.5,6,0.7348484848484849,0.6742424242424242,[[56  6] [29 41]],16_1
0.5,6,0.6590909090909091,0.6590909090909091,[[51 11] [34 36]],16_2
0.5,6,0.6666666666666666,0.6893939393939394,[[50 12] [32 38]],16_3
0.5,6,0.6742424242424242,0.6818181818181818,[[50 12] [31 39]],16_4
0.5,6,0.6590909090909091,0.6818181818181818,[[50 12] [33 37]],16_5
0.5,6,0.7272727272727273,0.696969696969697,[[53  9] [27 43]],21_1
0.5,6,0.7045454545454546,0.6363636363636364,[[51 11] [28 42]],21_2
0.5,6,0.6590909090909091,0.6590909090909091,[[48 14] [31 39]],21_3
0.5,6,0.6515151515151515,0.6893939393939394,[[46 16] [30 40]],21_4
0.5,6,0.6439393939393939,0.6590909090909091,[[46 16] [31 39]],21_5
0.5,6,0.7348484848484849,0.6590909090909091,[[54  8] [27 43]],26_1
0.5,6,0.696969696969697,0.6515151515151515,[[55  7] [33 37]],26_2
0.5,6,0.6590909090909091,0.6287878787878788,[[51 11] [34 36]],26_3
0.5,6,0.6666666666666666,0.6287878787878788,[[50 12] [32 38]],26_4
0.5,6,0.6590909090909091,0.6287878787878788,[[51 11] [34 36]],26_5
0.5,7,0.6590909090909091,1.0,[[45 19] [26 42]],1_1
0.5,7,0.6666666666666666,1.0,[[44 20] [24 44]],1_2
0.5,7,0.6590909090909091,1.0,[[41 23] [22 46]],1_3
0.5,7,0.6590909090909091,1.0,[[41 23] [22 46]],1_4
0.5,7,0.6515151515151515,1.0,[[41 23] [23 45]],1_5
0.5,7,0.5909090909090909,0.7348484848484849,[[49 15] [39 29]],6_1
0.5,7,0.5984848484848485,0.7727272727272727,[[49 15] [38 30]],6_2
0.5,7,0.6212121212121212,0.75,[[52 12] [38 30]],6_3
0.5,7,0.6212121212121212,0.75,[[52 12] [38 30]],6_4
0.5,7,0.6363636363636364,0.7651515151515151,[[53 11] [37 31]],6_5
0.5,7,0.6439393939393939,0.7878787878787878,[[48 16] [31 37]],11_1
0.5,7,0.6060606060606061,0.7575757575757576,[[45 19] [33 35]],11_2
0.5,7,0.6515151515151515,0.7575757575757576,[[48 16] [30 38]],11_3
0.5,7,0.6439393939393939,0.7424242424242424,[[46 18] [29 39]],11_4
0.5,7,0.6287878787878788,0.7348484848484849,[[46 18] [31 37]],11_5
0.5,7,0.6590909090909091,0.7196969696969697,[[54 10] [35 33]],16_1
0.5,7,0.6212121212121212,0.7196969696969697,[[53 11] [39 29]],16_2
0.5,7,0.6212121212121212,0.7272727272727273,[[54 10] [40 28]],16_3
0.5,7,0.6136363636363636,0.7045454545454546,[[53 11] [40 28]],16_4
0.5,7,0.6060606060606061,0.696969696969697,[[52 12] [40 28]],16_5
0.5,7,0.6666666666666666,0.7424242424242424,[[52 12] [32 36]],21_1
0.5,7,0.6590909090909091,0.7121212121212122,[[55  9] [36 32]],21_2
0.5,7,0.6287878787878788,0.696969696969697,[[52 12] [37 31]],21_3
0.5,7,0.6590909090909091,0.6818181818181818,[[51 13] [32 36]],21_4
0.5,7,0.6590909090909091,0.7045454545454546,[[52 12] [33 35]],21_5
0.5,7,0.6818181818181818,0.7272727272727273,[[59  5] [37 31]],26_1
0.5,7,0.6666666666666666,0.7121212121212122,[[56  8] [36 32]],26_2
0.5,7,0.6287878787878788,0.7045454545454546,[[57  7] [42 26]],26_3
0.5,7,0.6363636363636364,0.6893939393939394,[[57  7] [41 27]],26_4
0.5,7,0.6212121212121212,0.6818181818181818,[[57  7] [43 25]],26_5
0.5,8,0.6439393939393939,1.0,[[44 20] [27 41]],1_1
0.5,8,0.6363636363636364,1.0,[[42 22] [26 42]],1_2
0.5,8,0.6515151515151515,1.0,[[43 21] [25 43]],1_3
0.5,8,0.6666666666666666,1.0,[[44 20] [24 44]],1_4
0.5,8,0.6666666666666666,1.0,[[44 20] [24 44]],1_5
0.5,8,0.6363636363636364,0.75,[[54 10] [38 30]],6_1
0.5,8,0.5984848484848485,0.7575757575757576,[[51 13] [40 28]],6_2
0.5,8,0.5984848484848485,0.75,[[50 14] [39 29]],6_3
0.5,8,0.5909090909090909,0.7424242424242424,[[49 15] [39 29]],6_4
0.5,8,0.5909090909090909,0.75,[[49 15] [39 29]],6_5
0.5,8,0.6742424242424242,0.7651515151515151,[[58  6] [37 31]],11_1
0.5,8,0.6515151515151515,0.7727272727272727,[[55  9] [37 31]],11_2
0.5,8,0.6363636363636364,0.7727272727272727,[[55  9] [39 29]],11_3
0.5,8,0.6287878787878788,0.7727272727272727,[[54 10] [39 29]],11_4
0.5,8,0.6136363636363636,0.7651515151515151,[[54 10] [41 27]],11_5
0.5,8,0.6515151515151515,0.7196969696969697,[[62  2] [44 24]],16_1
0.5,8,0.6287878787878788,0.696969696969697,[[57  7] [42 26]],16_2
0.5,8,0.6287878787878788,0.7045454545454546,[[57  7] [42 26]],16_3
0.5,8,0.6287878787878788,0.6893939393939394,[[57  7] [42 26]],16_4
0.5,8,0.6136363636363636,0.696969696969697,[[57  7] [44 24]],16_5
0.5,8,0.6742424242424242,0.7348484848484849,[[63  1] [42 26]],21_1
0.5,8,0.6666666666666666,0.7272727272727273,[[61  3] [41 27]],21_2
0.5,8,0.6515151515151515,0.7121212121212122,[[61  3] [43 25]],21_3
0.5,8,0.6212121212121212,0.7045454545454546,[[58  6] [44 24]],21_4
0.5,8,0.6212121212121212,0.696969696969697,[[57  7] [43 25]],21_5
0.5,8,0.6590909090909091,0.7045454545454546,[[62  2] [43 25]],26_1
0.5,8,0.6212121212121212,0.7045454545454546,[[59  5] [45 23]],26_2
0.5,8,0.6212121212121212,0.6893939393939394,[[59  5] [45 23]],26_3
0.5,8,0.6136363636363636,0.6893939393939394,[[58  6] [45 23]],26_4
0.5,8,0.6136363636363636,0.6818181818181818,[[58  6] [45 23]],26_5
0.5,9,0.6818181818181818,1.0,[[43 13] [29 47]],1_1
0.5,9,0.6742424242424242,1.0,[[40 16] [27 49]],1_2
0.5,9,0.7045454545454546,1.0,[[45 11] [28 48]],1_3
0.5,9,0.7045454545454546,1.0,[[44 12] [27 49]],1_4
0.5,9,0.7121212121212122,1.0,[[45 11] [27 49]],1_5
0.5,9,0.6590909090909091,0.6893939393939394,[[52  4] [41 35]],6_1
0.5,9,0.6590909090909091,0.7121212121212122,[[52  4] [41 35]],6_2
0.5,9,0.6287878787878788,0.7196969696969697,[[50  6] [43 33]],6_3
0.5,9,0.6287878787878788,0.7196969696969697,[[50  6] [43 33]],6_4
0.5,9,0.6060606060606061,0.7196969696969697,[[50  6] [46 30]],6_5
0.5,9,0.6287878787878788,0.6818181818181818,[[49  7] [42 34]],11_1
0.5,9,0.6590909090909091,0.6893939393939394,[[49  7] [38 38]],11_2
0.5,9,0.6742424242424242,0.6893939393939394,[[49  7] [36 40]],11_3
0.5,9,0.6742424242424242,0.696969696969697,[[48  8] [35 41]],11_4
0.5,9,0.6742424242424242,0.7045454545454546,[[49  7] [36 40]],11_5
0.5,9,0.6363636363636364,0.6742424242424242,[[54  2] [46 30]],16_1
0.5,9,0.6287878787878788,0.696969696969697,[[53  3] [46 30]],16_2
0.5,9,0.6439393939393939,0.6893939393939394,[[52  4] [43 33]],16_3
0.5,9,0.6287878787878788,0.6818181818181818,[[52  4] [45 31]],16_4
0.5,9,0.6212121212121212,0.6893939393939394,[[52  4] [46 30]],16_5
0.5,9,0.6590909090909091,0.6742424242424242,[[54  2] [43 33]],21_1
0.5,9,0.6287878787878788,0.696969696969697,[[53  3] [46 30]],21_2
0.5,9,0.6439393939393939,0.7045454545454546,[[52  4] [43 33]],21_3
0.5,9,0.6287878787878788,0.7045454545454546,[[51  5] [44 32]],21_4
0.5,9,0.6212121212121212,0.696969696969697,[[49  7] [43 33]],21_5
0.5,9,0.6136363636363636,0.6590909090909091,[[54  2] [49 27]],26_1
0.5,9,0.6212121212121212,0.6590909090909091,[[53  3] [47 29]],26_2
0.5,9,0.5984848484848485,0.6818181818181818,[[51  5] [48 28]],26_3
0.5,9,0.5984848484848485,0.6818181818181818,[[51  5] [48 28]],26_4
0.5,9,0.5984848484848485,0.6893939393939394,[[50  6] [47 29]],26_5
0.8,0,0.660377358490566,1.0,[[19  4] [14 16]],1_1
0.8,0,0.6981132075471698,1.0,[[17  6] [10 20]],1_2
0.8,0,0.6981132075471698,1.0,[[17  6] [10 20]],1_3
0.8,0,0.6981132075471698,1.0,[[17  6] [10 20]],1_4
0.8,0,0.660377358490566,1.0,[[16  7] [11 19]],1_5
0.8,0,0.6037735849056604,0.7725118483412322,[[21  2] [19 11]],6_1
0.8,0,0.6226415094339622,0.7488151658767772,[[20  3] [17 13]],6_2
0.8,0,0.6226415094339622,0.7345971563981043,[[20  3] [17 13]],6_3
0.8,0,0.6415094339622641,0.7298578199052133,[[21  2] [17 13]],6_4
0.8,0,0.6226415094339622,0.7393364928909952,[[20  3] [17 13]],6_5
0.8,0,0.7169811320754716,0.7251184834123223,[[21  2] [13 17]],11_1
0.8,0,0.6792452830188679,0.7298578199052133,[[20  3] [14 16]],11_2
0.8,0,0.6981132075471698,0.7345971563981043,[[20  3] [13 17]],11_3
0.8,0,0.6792452830188679,0.7440758293838863,[[20  3] [14 16]],11_4
0.8,0,0.660377358490566,0.7251184834123223,[[19  4] [14 16]],11_5
0.8,0,0.6037735849056604,0.7203791469194313,[[19  4] [17 13]],16_1
0.8,0,0.6792452830188679,0.7061611374407583,[[21  2] [15 15]],16_2
0.8,0,0.6792452830188679,0.7109004739336493,[[21  2] [15 15]],16_3
0.8,0,0.6981132075471698,0.6919431279620853,[[22  1] [15 15]],16_4
0.8,0,0.6981132075471698,0.6919431279620853,[[22  1] [15 15]],16_5
0.8,0,0.5849056603773585,0.7109004739336493,[[19  4] [18 12]],21_1
0.8,0,0.6415094339622641,0.7203791469194313,[[19  4] [15 15]],21_2
0.8,0,0.6792452830188679,0.7345971563981043,[[20  3] [14 16]],21_3
0.8,0,0.6792452830188679,0.7298578199052133,[[20  3] [14 16]],21_4
0.8,0,0.6792452830188679,0.7203791469194313,[[20  3] [14 16]],21_5
0.8,0,0.6226415094339622,0.6919431279620853,[[21  2] [18 12]],26_1
0.8,0,0.660377358490566,0.6966824644549763,[[21  2] [16 14]],26_2
0.8,0,0.6792452830188679,0.6824644549763034,[[21  2] [15 15]],26_3
0.8,0,0.660377358490566,0.6872037914691943,[[20  3] [15 15]],26_4
0.8,0,0.6415094339622641,0.7061611374407583,[[19  4] [15 15]],26_5
0.8,1,0.7358490566037735,1.0,[[22  4] [10 17]],1_1
0.8,1,0.6981132075471698,1.0,[[19  7] [ 9 18]],1_2
0.8,1,0.7358490566037735,1.0,[[21  5] [ 9 18]],1_3
0.8,1,0.6792452830188679,1.0,[[18  8] [ 9 18]],1_4
0.8,1,0.6792452830188679,1.0,[[18  8] [ 9 18]],1_5
0.8,1,0.7169811320754716,0.7298578199052133,[[25  1] [14 13]],6_1
0.8,1,0.7169811320754716,0.7488151658767772,[[23  3] [12 15]],6_2
0.8,1,0.7547169811320755,0.7440758293838863,[[26  0] [13 14]],6_3
0.8,1,0.7547169811320755,0.7488151658767772,[[26  0] [13 14]],6_4
0.8,1,0.7547169811320755,0.7535545023696683,[[26  0] [13 14]],6_5
0.8,1,0.7169811320754716,0.7203791469194313,[[23  3] [12 15]],11_1
0.8,1,0.7547169811320755,0.7156398104265402,[[24  2] [11 16]],11_2
0.8,1,0.7547169811320755,0.7345971563981043,[[24  2] [11 16]],11_3
0.8,1,0.7358490566037735,0.7298578199052133,[[24  2] [12 15]],11_4
0.8,1,0.7358490566037735,0.7203791469194313,[[24  2] [12 15]],11_5
0.8,1,0.7358490566037735,0.6872037914691943,[[25  1] [13 14]],16_1
0.8,1,0.7547169811320755,0.7156398104265402,[[25  1] [12 15]],16_2
0.8,1,0.7358490566037735,0.7251184834123223,[[25  1] [13 14]],16_3
0.8,1,0.7358490566037735,0.7156398104265402,[[25  1] [13 14]],16_4
0.8,1,0.7358490566037735,0.7109004739336493,[[25  1] [13 14]],16_5
0.8,1,0.7547169811320755,0.7014218009478673,[[25  1] [12 15]],21_1
0.8,1,0.7169811320754716,0.6872037914691943,[[23  3] [12 15]],21_2
0.8,1,0.7169811320754716,0.6919431279620853,[[23  3] [12 15]],21_3
0.8,1,0.7358490566037735,0.6872037914691943,[[24  2] [12 15]],21_4
0.8,1,0.7547169811320755,0.6824644549763034,[[24  2] [11 16]],21_5
0.8,1,0.7169811320754716,0.7156398104265402,[[25  1] [14 13]],26_1
0.8,1,0.7169811320754716,0.6966824644549763,[[24  2] [13 14]],26_2
0.8,1,0.6981132075471698,0.6872037914691943,[[23  3] [13 14]],26_3
0.8,1,0.6792452830188679,0.7014218009478673,[[22  4] [13 14]],26_4
0.8,1,0.6981132075471698,0.6824644549763034,[[23  3] [13 14]],26_5
0.8,2,0.6981132075471698,1.0,[[18  4] [12 19]],1_1
0.8,2,0.7358490566037735,1.0,[[18  4] [10 21]],1_2
0.8,2,0.7358490566037735,1.0,[[18  4] [10 21]],1_3
0.8,2,0.7169811320754716,1.0,[[18  4] [11 20]],1_4
0.8,2,0.7169811320754716,1.0,[[18  4] [11 20]],1_5
0.8,2,0.6981132075471698,0.7251184834123223,[[19  3] [13 18]],6_1
0.8,2,0.6226415094339622,0.7535545023696683,[[17  5] [15 16]],6_2
0.8,2,0.660377358490566,0.7251184834123223,[[18  4] [14 17]],6_3
0.8,2,0.660377358490566,0.7251184834123223,[[18  4] [14 17]],6_4
0.8,2,0.660377358490566,0.7251184834123223,[[18  4] [14 17]],6_5
0.8,2,0.6226415094339622,0.7014218009478673,[[16  6] [14 17]],11_1
0.8,2,0.6792452830188679,0.7488151658767772,[[18  4] [13 18]],11_2
0.8,2,0.7169811320754716,0.7203791469194313,[[19  3] [12 19]],11_3
0.8,2,0.7169811320754716,0.7298578199052133,[[19  3] [12 19]],11_4
0.8,2,0.7169811320754716,0.7298578199052133,[[19  3] [12 19]],11_5
0.8,2,0.6226415094339622,0.7109004739336493,[[19  3] [17 14]],16_1
0.8,2,0.660377358490566,0.6966824644549763,[[19  3] [15 16]],16_2
0.8,2,0.7358490566037735,0.7061611374407583,[[20  2] [12 19]],16_3
0.8,2,0.7358490566037735,0.6919431279620853,[[20  2] [12 19]],16_4
0.8,2,0.6981132075471698,0.6872037914691943,[[20  2] [14 17]],16_5
0.8,2,0.660377358490566,0.6824644549763034,[[19  3] [15 16]],21_1
0.8,2,0.6037735849056604,0.6777251184834123,[[17  5] [16 15]],21_2
0.8,2,0.6792452830188679,0.6777251184834123,[[18  4] [13 18]],21_3
0.8,2,0.6981132075471698,0.6919431279620853,[[18  4] [12 19]],21_4
0.8,2,0.6981132075471698,0.6777251184834123,[[18  4] [12 19]],21_5
0.8,2,0.6226415094339622,0.6540284360189573,[[19  3] [17 14]],26_1
0.8,2,0.6415094339622641,0.6729857819905213,[[21  1] [18 13]],26_2
0.8,2,0.6415094339622641,0.6729857819905213,[[20  2] [17 14]],26_3
0.8,2,0.6415094339622641,0.6824644549763034,[[19  3] [16 15]],26_4
0.8,2,0.6226415094339622,0.6824644549763034,[[19  3] [17 14]],26_5
0.8,3,0.6415094339622641,1.0,[[16  3] [16 18]],1_1
0.8,3,0.660377358490566,1.0,[[15  4] [14 20]],1_2
0.8,3,0.6981132075471698,1.0,[[16  3] [13 21]],1_3
0.8,3,0.6792452830188679,1.0,[[15  4] [13 21]],1_4
0.8,3,0.7169811320754716,1.0,[[16  3] [12 22]],1_5
0.8,3,0.5471698113207547,0.7535545023696683,[[17  2] [22 12]],6_1
0.8,3,0.5849056603773585,0.7345971563981043,[[17  2] [20 14]],6_2
0.8,3,0.5849056603773585,0.7203791469194313,[[17  2] [20 14]],6_3
0.8,3,0.5471698113207547,0.7203791469194313,[[17  2] [22 12]],6_4
0.8,3,0.5471698113207547,0.7298578199052133,[[17  2] [22 12]],6_5
0.8,3,0.6037735849056604,0.7109004739336493,[[17  2] [19 15]],11_1
0.8,3,0.660377358490566,0.7109004739336493,[[17  2] [16 18]],11_2
0.8,3,0.6415094339622641,0.7156398104265402,[[17  2] [17 17]],11_3
0.8,3,0.6226415094339622,0.7251184834123223,[[17  2] [18 16]],11_4
0.8,3,0.6226415094339622,0.7203791469194313,[[17  2] [18 16]],11_5
0.8,3,0.5471698113207547,0.7251184834123223,[[18  1] [23 11]],16_1
0.8,3,0.6226415094339622,0.7251184834123223,[[18  1] [19 15]],16_2
0.8,3,0.5660377358490566,0.7156398104265402,[[17  2] [21 13]],16_3
0.8,3,0.5660377358490566,0.7109004739336493,[[17  2] [21 13]],16_4
0.8,3,0.5849056603773585,0.7061611374407583,[[17  2] [20 14]],16_5
0.8,3,0.6037735849056604,0.7109004739336493,[[18  1] [20 14]],21_1
0.8,3,0.5471698113207547,0.7109004739336493,[[16  3] [21 13]],21_2
0.8,3,0.5660377358490566,0.7061611374407583,[[16  3] [20 14]],21_3
0.8,3,0.5660377358490566,0.7109004739336493,[[16  3] [20 14]],21_4
0.8,3,0.5849056603773585,0.7061611374407583,[[17  2] [20 14]],21_5
0.8,3,0.5849056603773585,0.7014218009478673,[[17  2] [20 14]],26_1
0.8,3,0.5094339622641509,0.6872037914691943,[[16  3] [23 11]],26_2
0.8,3,0.5471698113207547,0.6824644549763034,[[17  2] [22 12]],26_3
0.8,3,0.5471698113207547,0.6777251184834123,[[17  2] [22 12]],26_4
0.8,3,0.5849056603773585,0.6872037914691943,[[17  2] [20 14]],26_5
0.8,4,0.7169811320754716,1.0,[[19  7] [ 8 19]],1_1
0.8,4,0.7169811320754716,1.0,[[19  7] [ 8 19]],1_2
0.8,4,0.7169811320754716,1.0,[[18  8] [ 7 20]],1_3
0.8,4,0.6981132075471698,1.0,[[18  8] [ 8 19]],1_4
0.8,4,0.6981132075471698,1.0,[[18  8] [ 8 19]],1_5
0.8,4,0.6792452830188679,0.7251184834123223,[[20  6] [11 16]],6_1
0.8,4,0.6792452830188679,0.7298578199052133,[[21  5] [12 15]],6_2
0.8,4,0.6792452830188679,0.7156398104265402,[[21  5] [12 15]],6_3
0.8,4,0.6226415094339622,0.7251184834123223,[[20  6] [14 13]],6_4
0.8,4,0.6226415094339622,0.7298578199052133,[[20  6] [14 13]],6_5
0.8,4,0.7547169811320755,0.7061611374407583,[[24  2] [11 16]],11_1
0.8,4,0.6981132075471698,0.7109004739336493,[[19  7] [ 9 18]],11_2
0.8,4,0.7169811320754716,0.7109004739336493,[[21  5] [10 17]],11_3
0.8,4,0.7169811320754716,0.7061611374407583,[[21  5] [10 17]],11_4
0.8,4,0.7169811320754716,0.7156398104265402,[[21  5] [10 17]],11_5
0.8,4,0.7547169811320755,0.7061611374407583,[[25  1] [12 15]],16_1
0.8,4,0.7169811320754716,0.7014218009478673,[[24  2] [13 14]],16_2
0.8,4,0.7169811320754716,0.7014218009478673,[[24  2] [13 14]],16_3
0.8,4,0.7169811320754716,0.7061611374407583,[[24  2] [13 14]],16_4
0.8,4,0.6981132075471698,0.7156398104265402,[[24  2] [14 13]],16_5
0.8,4,0.7169811320754716,0.7156398104265402,[[24  2] [13 14]],21_1
0.8,4,0.7358490566037735,0.6824644549763034,[[24  2] [12 15]],21_2
0.8,4,0.7358490566037735,0.7109004739336493,[[24  2] [12 15]],21_3
0.8,4,0.7169811320754716,0.7109004739336493,[[23  3] [12 15]],21_4
0.8,4,0.6981132075471698,0.7156398104265402,[[23  3] [13 14]],21_5
0.8,4,0.7547169811320755,0.6919431279620853,[[26  0] [13 14]],26_1
0.8,4,0.6792452830188679,0.6919431279620853,[[24  2] [15 12]],26_2
0.8,4,0.660377358490566,0.6919431279620853,[[24  2] [16 11]],26_3
0.8,4,0.660377358490566,0.6919431279620853,[[24  2] [16 11]],26_4
0.8,4,0.6792452830188679,0.6919431279620853,[[24  2] [15 12]],26_5
0.8,5,0.7358490566037735,1.0,[[22  3] [11 17]],1_1
0.8,5,0.7547169811320755,1.0,[[20  5] [ 8 20]],1_2
0.8,5,0.7358490566037735,1.0,[[19  6] [ 8 20]],1_3
0.8,5,0.7358490566037735,1.0,[[19  6] [ 8 20]],1_4
0.8,5,0.7358490566037735,1.0,[[19  6] [ 8 20]],1_5
0.8,5,0.6981132075471698,0.7203791469194313,[[23  2] [14 14]],6_1
0.8,5,0.660377358490566,0.7251184834123223,[[21  4] [14 14]],6_2
0.8,5,0.660377358490566,0.7298578199052133,[[21  4] [14 14]],6_3
0.8,5,0.660377358490566,0.7109004739336493,[[21  4] [14 14]],6_4
0.8,5,0.660377358490566,0.7298578199052133,[[21  4] [14 14]],6_5
0.8,5,0.6415094339622641,0.7203791469194313,[[22  3] [16 12]],11_1
0.8,5,0.7169811320754716,0.7251184834123223,[[23  2] [13 15]],11_2
0.8,5,0.6792452830188679,0.7298578199052133,[[22  3] [14 14]],11_3
0.8,5,0.6792452830188679,0.7156398104265402,[[21  4] [13 15]],11_4
0.8,5,0.6792452830188679,0.6966824644549763,[[21  4] [13 15]],11_5
0.8,5,0.660377358490566,0.6919431279620853,[[24  1] [17 11]],16_1
0.8,5,0.6981132075471698,0.7014218009478673,[[24  1] [15 13]],16_2
0.8,5,0.6792452830188679,0.7061611374407583,[[23  2] [15 13]],16_3
0.8,5,0.6792452830188679,0.7061611374407583,[[23  2] [15 13]],16_4
0.8,5,0.6792452830188679,0.7156398104265402,[[23  2] [15 13]],16_5
0.8,5,0.6981132075471698,0.6824644549763034,[[24  1] [15 13]],21_1
0.8,5,0.7169811320754716,0.6777251184834123,[[23  2] [13 15]],21_2
0.8,5,0.7169811320754716,0.6682464454976303,[[23  2] [13 15]],21_3
0.8,5,0.7358490566037735,0.6777251184834123,[[23  2] [12 16]],21_4
0.8,5,0.7169811320754716,0.6729857819905213,[[23  2] [13 15]],21_5
0.8,5,0.7169811320754716,0.6919431279620853,[[25  0] [15 13]],26_1
0.8,5,0.7358490566037735,0.6635071090047393,[[25  0] [14 14]],26_2
0.8,5,0.7547169811320755,0.6492890995260664,[[25  0] [13 15]],26_3
0.8,5,0.7547169811320755,0.6492890995260664,[[25  0] [13 15]],26_4
0.8,5,0.7358490566037735,0.6492890995260664,[[25  0] [14 14]],26_5
0.8,6,0.6792452830188679,1.0,[[18  9] [ 8 18]],1_1
0.8,6,0.6981132075471698,1.0,[[16 11] [ 5 21]],1_2
0.8,6,0.7169811320754716,1.0,[[17 10] [ 5 21]],1_3
0.8,6,0.6981132075471698,1.0,[[17 10] [ 6 20]],1_4
0.8,6,0.6792452830188679,1.0,[[17 10] [ 7 19]],1_5
0.8,6,0.7735849056603774,0.7109004739336493,[[24  3] [ 9 17]],6_1
0.8,6,0.7358490566037735,0.7203791469194313,[[22  5] [ 9 17]],6_2
0.8,6,0.7358490566037735,0.7345971563981043,[[23  4] [10 16]],6_3
0.8,6,0.7358490566037735,0.7298578199052133,[[23  4] [10 16]],6_4
0.8,6,0.7358490566037735,0.7440758293838863,[[23  4] [10 16]],6_5
0.8,6,0.7924528301886793,0.7061611374407583,[[21  6] [ 5 21]],11_1
0.8,6,0.7169811320754716,0.6919431279620853,[[18  9] [ 6 20]],11_2
0.8,6,0.6981132075471698,0.7156398104265402,[[18  9] [ 7 19]],11_3
0.8,6,0.6792452830188679,0.7203791469194313,[[18  9] [ 8 18]],11_4
0.8,6,0.6792452830188679,0.7251184834123223,[[19  8] [ 9 17]],11_5
0.8,6,0.7924528301886793,0.6872037914691943,[[25  2] [ 9 17]],16_1
0.8,6,0.7169811320754716,0.7061611374407583,[[24  3] [12 14]],16_2
0.8,6,0.7169811320754716,0.7061611374407583,[[24  3] [12 14]],16_3
0.8,6,0.7358490566037735,0.7203791469194313,[[23  4] [10 16]],16_4
0.8,6,0.7169811320754716,0.7156398104265402,[[23  4] [11 15]],16_5
0.8,6,0.6981132075471698,0.6966824644549763,[[22  5] [11 15]],21_1
0.8,6,0.7735849056603774,0.7014218009478673,[[25  2] [10 16]],21_2
0.8,6,0.7547169811320755,0.7156398104265402,[[23  4] [ 9 17]],21_3
0.8,6,0.7547169811320755,0.7251184834123223,[[24  3] [10 16]],21_4
0.8,6,0.7547169811320755,0.7251184834123223,[[25  2] [11 15]],21_5
0.8,6,0.7358490566037735,0.6729857819905213,[[25  2] [12 14]],26_1
0.8,6,0.7169811320754716,0.6777251184834123,[[25  2] [13 13]],26_2
0.8,6,0.7358490566037735,0.7014218009478673,[[26  1] [13 13]],26_3
0.8,6,0.7547169811320755,0.6919431279620853,[[26  1] [12 14]],26_4
0.8,6,0.7358490566037735,0.6872037914691943,[[25  2] [12 14]],26_5
0.8,7,0.7547169811320755,1.0,[[24  2] [11 16]],1_1
0.8,7,0.8113207547169812,1.0,[[23  3] [ 7 20]],1_2
0.8,7,0.8113207547169812,1.0,[[23  3] [ 7 20]],1_3
0.8,7,0.8301886792452831,1.0,[[23  3] [ 6 21]],1_4
0.8,7,0.8490566037735849,1.0,[[23  3] [ 5 22]],1_5
0.8,7,0.5660377358490566,0.7203791469194313,[[23  3] [20  7]],6_1
0.8,7,0.6226415094339622,0.7109004739336493,[[22  4] [16 11]],6_2
0.8,7,0.6037735849056604,0.7251184834123223,[[24  2] [19  8]],6_3
0.8,7,0.5849056603773585,0.7251184834123223,[[24  2] [20  7]],6_4
0.8,7,0.5849056603773585,0.7488151658767772,[[24  2] [20  7]],6_5
0.8,7,0.660377358490566,0.7535545023696683,[[23  3] [15 12]],11_1
0.8,7,0.6037735849056604,0.7393364928909952,[[22  4] [17 10]],11_2
0.8,7,0.6226415094339622,0.7630331753554502,[[22  4] [16 11]],11_3
0.8,7,0.660377358490566,0.7582938388625592,[[23  3] [15 12]],11_4
0.8,7,0.6415094339622641,0.7488151658767772,[[23  3] [16 11]],11_5
0.8,7,0.6226415094339622,0.7251184834123223,[[25  1] [19  8]],16_1
0.8,7,0.5849056603773585,0.7203791469194313,[[23  3] [19  8]],16_2
0.8,7,0.6037735849056604,0.7298578199052133,[[24  2] [19  8]],16_3
0.8,7,0.6226415094339622,0.7251184834123223,[[24  2] [18  9]],16_4
0.8,7,0.6415094339622641,0.7203791469194313,[[24  2] [17 10]],16_5
0.8,7,0.6037735849056604,0.7203791469194313,[[25  1] [20  7]],21_1
0.8,7,0.6415094339622641,0.7109004739336493,[[24  2] [17 10]],21_2
0.8,7,0.6226415094339622,0.7203791469194313,[[24  2] [18  9]],21_3
0.8,7,0.6226415094339622,0.7251184834123223,[[24  2] [18  9]],21_4
0.8,7,0.6415094339622641,0.7203791469194313,[[24  2] [17 10]],21_5
0.8,7,0.5849056603773585,0.7109004739336493,[[25  1] [21  6]],26_1
0.8,7,0.6226415094339622,0.6919431279620853,[[25  1] [19  8]],26_2
0.8,7,0.6226415094339622,0.6824644549763034,[[24  2] [18  9]],26_3
0.8,7,0.6226415094339622,0.6872037914691943,[[24  2] [18  9]],26_4
0.8,7,0.6226415094339622,0.6729857819905213,[[24  2] [18  9]],26_5
0.8,8,0.660377358490566,1.0,[[19  5] [13 16]],1_1
0.8,8,0.7735849056603774,1.0,[[20  4] [ 8 21]],1_2
0.8,8,0.7547169811320755,1.0,[[19  5] [ 8 21]],1_3
0.8,8,0.7547169811320755,1.0,[[19  5] [ 8 21]],1_4
0.8,8,0.7547169811320755,1.0,[[19  5] [ 8 21]],1_5
0.8,8,0.6981132075471698,0.7440758293838863,[[24  0] [16 13]],6_1
0.8,8,0.7169811320754716,0.7440758293838863,[[22  2] [13 16]],6_2
0.8,8,0.6792452830188679,0.7345971563981043,[[20  4] [13 16]],6_3
0.8,8,0.660377358490566,0.7251184834123223,[[19  5] [13 16]],6_4
0.8,8,0.6792452830188679,0.7251184834123223,[[20  4] [13 16]],6_5
0.8,8,0.7547169811320755,0.6966824644549763,[[20  4] [ 9 20]],11_1
0.8,8,0.7169811320754716,0.6966824644549763,[[19  5] [10 19]],11_2
0.8,8,0.7358490566037735,0.7345971563981043,[[19  5] [ 9 20]],11_3
0.8,8,0.7547169811320755,0.7393364928909952,[[19  5] [ 8 21]],11_4
0.8,8,0.7358490566037735,0.7203791469194313,[[18  6] [ 8 21]],11_5
0.8,8,0.7169811320754716,0.7014218009478673,[[21  3] [12 17]],16_1
0.8,8,0.7735849056603774,0.7156398104265402,[[22  2] [10 19]],16_2
0.8,8,0.7169811320754716,0.7014218009478673,[[21  3] [12 17]],16_3
0.8,8,0.7358490566037735,0.6966824644549763,[[22  2] [12 17]],16_4
0.8,8,0.7169811320754716,0.6872037914691943,[[21  3] [12 17]],16_5
0.8,8,0.6792452830188679,0.7298578199052133,[[21  3] [14 15]],21_1
0.8,8,0.7358490566037735,0.6966824644549763,[[20  4] [10 19]],21_2
0.8,8,0.7169811320754716,0.7109004739336493,[[19  5] [10 19]],21_3
0.8,8,0.7169811320754716,0.7061611374407583,[[19  5] [10 19]],21_4
0.8,8,0.6792452830188679,0.7109004739336493,[[19  5] [12 17]],21_5
0.8,8,0.7358490566037735,0.6872037914691943,[[23  1] [13 16]],26_1
0.8,8,0.6792452830188679,0.6729857819905213,[[21  3] [14 15]],26_2
0.8,8,0.6792452830188679,0.6872037914691943,[[20  4] [13 16]],26_3
0.8,8,0.6792452830188679,0.6777251184834123,[[20  4] [13 16]],26_4
0.8,8,0.6792452830188679,0.6777251184834123,[[20  4] [13 16]],26_5
0.8,9,0.6415094339622641,1.0,[[16  5] [14 18]],1_1
0.8,9,0.7169811320754716,1.0,[[17  4] [11 21]],1_2
0.8,9,0.7358490566037735,1.0,[[18  3] [11 21]],1_3
0.8,9,0.7358490566037735,1.0,[[18  3] [11 21]],1_4
0.8,9,0.7547169811320755,1.0,[[18  3] [10 22]],1_5
0.8,9,0.6415094339622641,0.7488151658767772,[[20  1] [18 14]],6_1
0.8,9,0.6037735849056604,0.7440758293838863,[[19  2] [19 13]],6_2
0.8,9,0.6226415094339622,0.7535545023696683,[[20  1] [19 13]],6_3
0.8,9,0.6226415094339622,0.7488151658767772,[[20  1] [19 13]],6_4
0.8,9,0.6226415094339622,0.7582938388625592,[[20  1] [19 13]],6_5
0.8,9,0.5849056603773585,0.7440758293838863,[[16  5] [17 15]],11_1
0.8,9,0.660377358490566,0.7345971563981043,[[19  2] [16 16]],11_2
0.8,9,0.6415094339622641,0.7345971563981043,[[19  2] [17 15]],11_3
0.8,9,0.6415094339622641,0.7535545023696683,[[19  2] [17 15]],11_4
0.8,9,0.6037735849056604,0.7393364928909952,[[18  3] [18 14]],11_5
0.8,9,0.5849056603773585,0.7109004739336493,[[18  3] [19 13]],16_1
0.8,9,0.5849056603773585,0.6966824644549763,[[19  2] [20 12]],16_2
0.8,9,0.6037735849056604,0.6872037914691943,[[19  2] [19 13]],16_3
0.8,9,0.5849056603773585,0.6919431279620853,[[19  2] [20 12]],16_4
0.8,9,0.5849056603773585,0.6824644549763034,[[19  2] [20 12]],16_5
0.8,9,0.5849056603773585,0.7203791469194313,[[19  2] [20 12]],21_1
0.8,9,0.6226415094339622,0.7156398104265402,[[19  2] [18 14]],21_2
0.8,9,0.5849056603773585,0.7061611374407583,[[19  2] [20 12]],21_3
0.8,9,0.5849056603773585,0.7109004739336493,[[19  2] [20 12]],21_4
0.8,9,0.6037735849056604,0.7203791469194313,[[19  2] [19 13]],21_5
0.8,9,0.6226415094339622,0.7014218009478673,[[20  1] [19 13]],26_1
0.8,9,0.6037735849056604,0.6824644549763034,[[20  1] [20 12]],26_2
0.8,9,0.5660377358490566,0.6824644549763034,[[20  1] [22 10]],26_3
0.8,9,0.6037735849056604,0.6872037914691943,[[20  1] [20 12]],26_4
0.8,9,0.5849056603773585,0.6872037914691943,[[19  2] [20 12]],26_5